20
14
4 13 9 10 8
3 3 7 5
2 2 6
3 10 12 14
5 6 2 13 7 9
3 3 5 7
4 2 6 9 5
3 9 1 10
5 7 5 8 13 1
4 1 8 4 11
2 12 10
3 11 4 14
3 5 1 9
2 12 4
14
3 13 14 10
5 6 9 11 4 7
3 12 6 5
3 9 7 2
3 12 9 3
3 3 2 9
3 4 2 8
2 7 14
4 5 4 6 2
2 1 14
2 2 13
2 3 5
2 11 1
3 8 1 10
8
2 7 6
4 8 4 3 5
3 4 2 5
4 6 3 8 2
2 2 3
3 1 4 7
3 1 8 6
3 7 2 4
12
4 11 10 9 5
3 3 7 8
2 8 2
2 11 6
3 9 1 12
4 7 4 9 11
3 2 8 6
3 3 2 7
3 6 5 1
2 1 12
3 4 1 6
2 10 5
10
2 6 2
3 8 4 1
2 6 8
4 2 7 9 10
2 10 7
2 3 1
2 4 5
2 3 2
2 10 4
3 9 4 5
16
5 12 15 8 11 5
4 9 10 12 16
4 8 5 13 4
3 14 3 7
4 11 1 14 3
2 9 10
2 13 4
3 1 3 14
3 6 2 16
3 6 16 2
4 15 12 5 1
4 2 1 15 11
2 3 7
3 5 8 4
4 16 11 12 1
4 10 9 15 2
6
2 6 2
3 1 5 6
0 
1 6
2 2 6
4 1 4 2 5
10
4 8 3 10 9
2 8 3
3 2 9 1
4 10 7 5 6
3 7 4 6
2 4 5
4 9 5 10 4
2 2 1
4 3 7 1 10
4 1 9 4 7
20
3 6 10 4
4 17 3 6 7
3 16 7 2
4 1 15 12 13
5 19 8 20 9 14
3 2 1 10
3 3 10 2
4 18 9 19 5
3 8 14 5
4 7 15 6 1
2 20 17
3 15 4 13
2 4 12
4 9 5 16 20
3 10 12 4
3 14 3 17
3 11 16 2
2 19 8
3 18 5 8
3 5 11 14
12
3 9 4 12
2 8 11
3 12 10 7
3 1 7 10
2 10 8
3 7 10 11
4 4 3 6 10
3 5 11 2
2 12 1
5 3 4 5 7 6
3 6 8 2
3 9 3 1
12
3 9 12 11
2 7 3
3 2 6 9
2 8 5
3 4 7 9
2 3 11
3 8 2 5
2 4 7
3 5 1 3
2 12 11
3 6 1 10
2 1 10
22
2 5 18
4 7 19 4 17
3 11 10 20
2 2 13
2 16 1
4 8 7 12 19
5 6 12 2 19 15
2 12 6
2 13 20
2 3 14
3 22 3 20
4 8 19 6 7
4 4 17 9 22
4 21 10 18 16
3 19 7 17
4 21 5 14 18
4 15 2 22 13
3 14 16 1
5 12 6 15 7 2
4 9 11 21 3
3 20 14 16
3 17 11 13
6
2 5 6
2 3 5
2 2 4
3 3 5 6
3 2 1 4
2 4 1
20
2 12 9
3 5 19 14
2 8 14
4 19 6 7 16
2 20 2
4 14 16 19 4
3 4 16 11
3 15 9 3
4 1 20 15 8
2 13 15
2 18 7
3 17 1 13
3 17 10 12
4 3 6 2 19
3 10 8 9
4 6 18 4 7
2 13 12
2 16 11
4 2 14 4 6
2 9 5
16
2 5 7
3 3 10 9
5 6 15 2 12 8
3 9 10 11
3 9 1 11
3 16 13 3
2 1 11
4 12 3 9 10
4 8 2 4 5
3 2 8 4
3 4 5 7
3 15 8 3
4 14 15 16 6
2 16 13
4 13 16 12 3
4 14 6 13 15
16
4 6 5 7 9
4 11 16 12 8
2 9 5
4 10 14 6 13
3 1 9 3
4 4 1 15 7
4 15 6 9 1
4 12 2 10 14
4 7 1 5 3
5 8 16 4 14 13
2 2 12
3 11 8 2
4 14 10 15 4
5 16 8 13 10 4
3 13 7 6
3 2 14 10
6
3 3 4 6
0 
2 6 1
3 1 6 5
1 4
3 3 1 4
20
2 11 12
4 19 9 10 7
3 9 7 18
1 7
2 17 14
2 18 11
4 10 2 4 3
2 20 16
2 2 3
3 19 7 2
4 6 1 14 15
2 1 16
2 15 20
3 5 15 11
3 14 11 13
2 12 8
2 5 18
3 3 6 17
2 10 2
2 13 8
22
4 10 14 6 3
3 22 21 8
3 6 1 17
2 8 6
3 20 7 9
5 4 10 3 1 14
4 18 20 5 9
4 16 2 4 21
2 5 7
3 21 1 6
2 13 17
3 15 20 18
4 11 17 19 15
3 1 6 17
3 17 12 13
3 22 8 21
5 3 14 15 11 13
4 19 12 7 20
3 13 18 20
5 12 19 5 18 7
4 2 16 10 8
2 16 2
22
4 10 8 6 22
3 22 11 20
3 17 16 9
2 18 19
4 7 17 9 16
5 13 10 22 1 8
4 14 21 5 17
4 1 6 11 22
4 5 3 10 13
5 9 16 1 13 6
3 8 2 20
3 18 19 21
4 16 9 6 10
3 15 7 21
4 19 18 14 21
4 3 5 13 10
4 21 3 7 5
3 4 12 15
3 4 15 12
2 2 11
5 12 15 17 14 7
4 6 1 2 8
