20
20
4 20 16 18 4
3 7 3 14
3 4 17 2
4 10 1 3 18
2 19 16
2 13 15
3 18 2 17
2 11 15
3 17 13 11
3 16 4 18
3 14 9 8
3 19 20 16
3 9 14 6
4 2 17 11 13
2 6 8
5 5 12 10 20 1
4 3 7 9 14
4 1 10 7 4
2 5 12
3 12 1 16
18
4 14 16 13 6
3 17 14 5
5 4 8 10 9 15
4 18 3 8 9
4 11 2 13 14
4 13 1 12 18
2 15 10
5 12 18 9 4 3
4 8 4 15 3
2 3 7
3 17 5 14
4 6 16 8 18
4 5 14 6 1
5 2 11 1 5 13
3 9 3 7
3 1 18 12
2 11 2
5 16 6 4 12 8
54
4 4 31 42 28
3 20 52 3
5 2 46 30 44 37
3 12 36 1
3 40 33 8
4 7 39 50 53
4 47 48 6 53
3 33 19 5
2 43 21
3 32 20 52
2 23 45
3 49 4 31
2 31 28
2 53 41
4 17 32 52 20
4 30 37 24 18
4 29 41 15 32
3 35 16 43
3 8 36 49
4 10 15 2 46
3 9 33 40
2 26 54
3 24 11 43
3 16 35 23
3 26 34 54
2 25 22
2 42 28
4 13 1 42 27
3 50 17 32
4 3 16 37 35
4 36 12 13 1
5 41 29 10 17 15
5 21 45 8 40 5
4 25 38 54 51
4 37 30 18 24
4 19 49 31 4
5 44 3 35 30 16
4 34 54 48 47
3 48 53 6
4 45 21 5 33
4 14 50 32 17
3 1 28 27
3 18 9 23
3 46 37 3
3 11 40 33
4 52 20 44 3
4 51 38 7 48
4 38 39 47 7
3 12 19 36
4 6 53 29 41
3 54 34 47
4 15 10 46 2
5 39 7 14 6 50
5 22 25 51 34 38
32
2 16 15
3 12 26 31
2 19 7
3 29 27 24
5 25 7 30 9 23
2 8 13
5 3 10 9 25 5
3 26 12 6
4 7 25 23 5
3 13 25 7
3 15 26 17
3 17 2 8
2 6 10
2 22 28
3 1 11 17
2 1 17
4 16 15 12 11
3 21 24 29
2 31 3
3 24 28 22
4 30 18 32 29
3 27 20 14
3 9 5 32
4 18 29 20 4
4 10 5 7 9
3 11 8 2
3 4 22 28
3 20 27 14
5 32 21 4 18 24
3 5 21 32
2 2 19
4 23 30 29 21
60
2 13 8
2 38 57
3 23 7 8
4 50 58 40 35
4 17 9 59 47
2 25 56
3 3 30 34
3 1 3 34
4 15 52 47 5
4 26 60 16 25
4 32 20 46 14
4 47 32 59 42
4 40 31 1 23
3 46 11 45
3 51 9 17
3 10 18 25
3 52 15 5
3 16 22 56
2 26 60
3 11 27 45
3 60 26 25
4 18 48 56 36
3 31 3 13
3 55 29 51
4 21 10 6 16
4 19 10 60 21
3 20 44 54
3 49 41 55
3 24 41 52
3 7 43 37
4 35 23 40 13
2 12 11
3 44 50 39
4 8 7 37 43
3 31 4 40
5 56 22 53 48 49
4 34 30 38 57
3 37 57 2
4 54 44 58 33
4 4 35 13 31
3 28 51 29
3 59 12 46
3 30 34 57
4 27 33 54 39
3 14 20 54
3 42 14 11
4 9 12 5 59
4 22 56 49 36
5 48 36 28 53 55
3 33 4 58
4 41 24 15 52
4 29 51 17 9
3 36 55 49
4 45 27 39 44
4 53 49 24 28
5 6 18 36 22 48
4 43 37 38 2
3 39 50 4
4 5 47 42 12
4 19 21 26 10
12
3 3 12 7
2 11 5
4 1 9 7 6
2 6 9
3 2 8 10
3 7 3 4
4 12 1 6 3
3 5 10 12
2 3 4
4 11 5 12 8
2 2 10
4 10 8 7 1
50
4 33 26 3 38
4 43 48 9 13
4 1 38 30 42
2 31 6
4 20 44 12 21
2 4 14
3 24 26 33
3 15 16 22
2 2 50
5 45 41 49 27 39
2 38 42
3 5 18 29
3 17 2 46
3 6 22 15
3 31 8 14
4 8 44 19 20
2 48 13
3 12 21 41
3 22 20 16
4 19 16 5 44
4 37 5 29 18
3 14 19 8
3 28 35 24
4 47 28 7 23
2 34 40
4 7 38 33 1
4 41 45 39 10
5 49 39 23 47 24
4 21 12 45 41
3 3 32 36
2 4 15
4 30 48 36 43
4 35 7 1 26
2 46 25
2 23 33
5 42 30 43 32 48
2 44 21
4 26 11 1 3
4 27 10 47 28
3 50 46 25
5 18 29 27 45 10
3 11 3 36
4 36 32 2 48
4 16 37 20 5
4 29 10 41 27
4 13 34 50 40
3 39 24 28
5 32 36 17 43 2
2 10 28
3 9 40 46
60
4 48 19 26 47
2 9 42
3 13 51 48
4 19 47 27 37
4 30 53 7 10
3 40 34 16
4 5 57 55 39
2 38 23
5 57 39 2 24 29
3 53 55 5
3 58 20 59
4 31 32 50 40
4 34 16 3 49
3 47 37 27
2 27 37
5 50 6 45 34 13
3 42 36 60
2 46 21
3 1 26 4
3 11 32 59
4 18 35 46 25
5 56 44 54 33 52
4 8 60 58 41
4 39 57 29 9
4 46 21 56 44
5 51 48 47 1 19
4 4 14 37 15
3 41 43 58
3 24 9 36
3 52 5 53
3 59 12 40
3 20 40 12
3 44 52 22
5 6 50 13 16 45
3 21 46 44
3 29 38 17
4 14 4 27 15
2 36 8
5 55 7 24 57 9
4 32 31 6 12
3 60 28 23
2 2 17
2 28 59
4 35 25 33 22
3 16 34 49
4 18 25 21 35
4 26 1 14 4
5 49 3 1 51 26
4 45 13 48 51
3 12 16 34
4 3 49 26 48
5 33 22 53 54 30
5 52 54 10 30 5
3 22 52 53
3 10 39 7
2 25 22
4 7 9 39 24
3 23 11 28
4 43 11 31 20
3 17 41 23
50
3 30 6 21
2 15 5
3 38 24 32
2 13 10
2 25 2
4 1 34 11 21
4 42 47 27 45
3 26 40 16
3 23 38 32
3 4 14 15
5 6 21 47 18 42
3 43 17 49
4 40 46 4 14
4 35 13 25 10
3 10 25 2
4 33 26 46 8
5 12 49 31 37 20
3 21 42 11
2 22 28
3 37 17 26
5 34 1 18 6 11
3 19 23 38
3 22 9 38
3 3 30 32
3 14 5 15
5 20 31 8 33 16
3 7 36 48
2 19 38
2 48 41
3 24 1 44
4 17 37 33 26
4 9 3 44 24
3 31 16 26
3 44 21 6
3 46 40 14
3 47 45 27
4 49 20 17 31
5 28 22 3 23 9
2 50 43
4 8 13 46 35
2 29 49
3 18 11 7
3 39 12 49
3 32 34 30
4 36 7 50 48
4 16 35 40 13
3 11 36 7
4 27 45 29 50
5 41 43 37 12 17
3 45 39 48
24
3 23 18 12
3 17 4 21
3 8 9 11
4 12 20 17 2
3 9 13 15
3 15 10 23
2 11 22
2 24 3
2 3 5
4 6 23 12 18
3 14 7 3
4 10 1 4 17
4 5 22 23 15
2 24 11
5 22 5 6 13 23
2 21 19
5 18 12 2 4 20
3 1 10 17
3 20 21 16
4 4 17 19 21
4 2 20 19 16
3 7 15 13
5 13 15 1 6 10
2 8 14
40
5 25 27 12 6 22
3 3 26 25
3 35 13 2
2 12 22
5 33 28 40 9 39
3 27 22 1
5 14 17 19 16 38
4 23 29 32 10
5 28 33 39 5 40
3 32 8 30
4 40 39 31 37
3 1 22 4
4 31 26 35 3
4 20 7 17 16
3 40 37 31
5 17 14 38 7 19
4 24 16 14 7
3 34 24 36
5 7 16 33 38 28
2 36 14
2 26 27
4 6 1 12 4
2 8 32
3 18 36 17
3 2 1 27
3 13 21 2
4 21 6 25 1
5 38 19 9 33 5
2 8 34
2 10 36
5 11 15 13 37 35
3 23 10 8
4 19 5 28 9
2 29 18
4 37 31 3 13
4 30 20 18 24
4 15 11 35 31
4 16 7 28 19
3 9 5 11
4 5 9 11 15
56
3 23 48 16
4 8 26 41 12
4 45 20 11 37
4 34 33 51 43
3 27 40 51
3 39 28 44
4 46 53 21 25
4 15 2 26 42
2 24 19
3 25 53 22
4 3 50 38 37
4 42 2 14 41
3 19 46 30
4 12 35 52 29
5 16 48 8 47 26
5 22 1 15 48 47
3 24 36 19
4 44 31 20 45
3 9 17 13
3 18 50 3
3 30 25 7
3 10 16 48
3 53 25 1
2 17 9
5 21 7 10 53 23
5 47 15 42 8 2
4 29 35 5 34
3 33 49 6
4 52 14 27 40
4 32 13 21 46
3 49 56 18
3 36 30 46
4 4 51 28 43
3 40 27 4
3 14 40 27
2 17 32
4 50 3 54 11
2 11 55
3 43 6 49
4 35 29 34 5
4 2 42 52 12
4 26 8 12 41
4 51 4 39 33
4 6 49 18 56
4 56 18 3 50
4 13 32 7 30
4 48 16 26 15
5 1 22 47 16 15
4 28 39 31 44
4 20 45 37 11
4 5 43 4 33
3 41 29 14
4 7 23 25 10
2 37 55
2 54 38
3 31 44 45
40
2 16 7
4 9 40 20 26
5 35 21 39 37 24
4 39 18 8 6
5 32 34 19 12 31
3 8 4 9
3 1 35 21
4 24 6 4 18
4 6 18 2 40
5 27 17 29 15 33
2 38 13
3 34 31 5
3 31 38 11
4 33 29 25 30
5 17 27 33 10 29
2 1 21
4 22 15 27 10
4 4 8 40 9
2 5 38
3 2 22 26
4 16 7 37 3
2 20 17
2 40 26
4 37 3 8 39
5 14 36 32 30 34
4 23 2 28 20
4 28 10 17 15
2 26 27
5 10 15 36 33 14
5 36 14 34 25 32
4 12 5 13 38
3 25 30 5
4 15 10 14 29
4 30 25 12 5
2 7 3
3 29 30 25
4 21 24 3 39
4 19 31 13 11
4 3 37 4 24
4 18 23 9 2
28
3 5 15 3
4 3 15 25 9
3 11 1 2
4 28 27 23 22
3 24 1 13
4 21 17 8 20
2 14 19
3 21 20 6
4 15 26 2 25
4 20 17 13 24
2 13 3
4 26 25 23 28
4 10 24 11 5
2 16 7
3 1 9 2
3 27 22 14
3 6 24 10
3 22 27 19
2 18 7
4 8 6 10 24
2 8 6
4 23 4 18 16
3 12 22 4
5 17 20 5 10 13
4 2 9 28 12
3 9 12 28
3 4 16 18
4 25 26 4 12
40
4 9 5 2 23
4 1 34 10 28
5 30 38 24 8 27
3 15 25 38
5 39 6 34 9 1
3 16 9 5
2 35 19
5 38 30 27 3 24
4 6 39 1 5
4 2 23 32 28
4 40 13 36 17
4 27 24 36 40
4 11 36 29 17
3 28 25 32
3 32 4 25
3 18 6 39
4 36 11 21 13
4 35 16 31 22
2 7 31
2 25 30
1 17
3 31 18 39
4 34 1 28 10
4 3 8 40 12
4 14 20 15 4
2 33 37
4 8 3 12 40
4 23 2 14 10
2 13 37
4 20 3 38 8
3 19 22 18
3 10 15 14
2 37 26
3 5 23 2
2 7 18
4 12 17 11 13
3 29 33 26
4 4 8 30 3
4 22 16 5 9
4 24 27 11 12
50
4 9 5 10 50
4 40 18 36 12
3 25 43 31
2 50 6
4 15 20 35 1
2 13 4
2 18 40
4 16 45 48 42
3 20 15 1
2 1 13
4 27 29 30 38
3 24 2 37
2 10 6
3 36 44 47
4 42 45 5 9
4 17 23 8 48
3 39 16 23
4 7 24 40 2
2 32 31
4 45 42 9 5
3 29 38 30
4 28 41 33 39
4 41 26 17 16
2 18 12
3 46 3 32
2 23 48
3 31 43 11
3 38 30 22
4 43 31 21 11
4 11 21 49 28
5 19 3 27 43 29
4 34 46 19 25
3 49 39 22
4 47 44 32 46
2 5 50
2 2 14
3 12 47 44
3 21 11 28
3 33 22 17
3 7 2 18
2 22 23
4 48 8 15 20
4 3 29 31 27
4 14 37 46 34
3 8 20 15
5 44 47 25 34 32
4 37 14 34 46
4 26 16 42 8
2 30 33
3 35 1 4
52
3 44 8 41
2 26 34
3 28 9 49
2 38 22
5 51 36 44 18 8
5 41 15 45 46 32
3 43 47 23
5 18 5 10 44 1
3 19 14 3
3 8 15 41
2 27 29
3 23 36 35
3 49 37 38
3 9 52 49
4 10 46 41 6
2 43 33
3 30 50 24
4 36 51 8 5
3 40 9 29
2 48 24
3 37 30 22
3 4 48 21
4 42 7 12 47
4 20 17 31 50
3 50 26 34
3 25 31 2
5 45 32 11 39 40
2 29 3
3 11 28 19
2 21 17
4 24 50 34 26
4 46 6 39 27
3 16 42 43
3 31 25 2
4 47 51 12 36
4 12 35 18 5
2 13 21
4 52 49 4 13
3 32 40 27
3 39 27 19
5 1 10 6 15 46
3 33 43 23
4 16 7 33 42
3 5 1 8
2 6 27
4 15 41 32 6
3 7 35 23
2 22 20
4 3 14 13 38
4 17 25 24 31
3 35 5 18
2 14 38
54
2 8 46
2 47 13
3 22 28 12
2 7 15
2 32 36
4 54 29 28 22
3 4 29 54
3 26 1 18
4 10 11 27 53
3 30 25 9
3 9 35 31
3 3 39 33
2 2 43
4 37 44 40 32
3 4 54 29
3 35 43 47
2 44 42
4 41 8 45 46
3 34 50 48
3 29 54 22
3 24 52 37
5 20 6 3 28 39
3 49 24 37
5 46 45 21 49 23
5 42 36 51 30 10
4 50 48 8 41
3 51 53 9
4 6 39 22 3
4 7 15 20 6
3 36 10 25
3 53 11 47
3 40 14 5
4 12 34 48 50
3 39 19 33
3 11 16 47
3 5 30 25
4 23 21 14 40
2 48 41
4 28 22 34 12
5 52 37 32 14 44
3 38 26 18
2 17 25
2 16 13
3 14 40 17
3 18 49 24
3 1 18 24
4 31 35 2 16
4 33 19 38 26
3 45 23 24
3 19 33 26
2 25 27
2 21 40
3 27 9 31
4 15 7 6 20
28
3 27 20 17
1 7
3 23 11 13
2 17 23
2 19 17
5 24 22 12 8 7
3 8 6 2
3 22 7 6
3 28 18 26
2 19 27
2 3 18
1 6
4 25 23 21 3
3 20 17 25
2 18 16
3 15 24 26
5 5 1 4 20 14
3 11 15 9
3 10 5 27
3 1 14 17
2 13 28
4 26 8 24 6
4 4 3 25 13
3 16 6 22
3 14 13 23
3 9 22 16
3 10 1 19
2 21 9
32
5 27 12 16 6 7
3 20 22 30
2 22 24
4 18 25 15 9
3 29 22 20
3 12 7 1
5 6 1 14 16 17
3 10 21 26
5 25 18 29 4 15
2 8 26
5 21 19 12 32 27
3 11 6 1
2 24 30
3 7 23 17
4 4 9 31 29
2 1 7
4 7 28 14 23
4 28 23 4 9
4 26 32 21 11
4 31 5 2 22
3 8 11 19
5 5 31 3 20 2
5 14 17 25 28 18
3 3 30 13
4 23 28 9 4
3 10 19 8
3 32 11 1
4 17 18 23 25
4 9 5 15 31
3 2 24 13
4 15 29 20 22
3 19 27 11
