20
74
4 43 14 13 40
4 41 20 30 18
3 20 18 53
4 17 69 58 9
5 59 22 36 6 27
5 22 59 27 5 36
3 61 51 63
2 48 34
5 57 4 67 58 52
4 12 73 19 38
3 55 25 50
3 35 10 70
5 46 43 40 1 14
4 1 13 42 40
4 19 38 16 56
3 15 39 74
3 27 36 4
4 30 2 28 3
3 10 70 15
4 2 30 3 28
5 49 54 25 29 55
5 33 51 6 59 5
3 52 68 37
3 45 44 46
4 21 29 48 11
3 39 74 31
5 6 5 17 36 69
4 18 20 35 53
5 54 49 55 21 25
4 34 18 2 20
2 26 62
5 66 71 54 47 49
4 63 22 51 59
4 8 50 30 41
2 28 12
5 5 6 69 27 17
3 67 72 23
4 70 10 65 15
4 16 56 26 62
5 13 1 64 14 42
3 50 2 34
5 14 40 71 64 66
3 60 1 13
3 72 60 24
3 68 72 24
2 24 13
3 71 49 32
3 25 8 50
4 47 32 21 29
4 11 48 41 34
5 7 63 59 33 22
3 58 9 23
3 3 28 73
3 32 29 21
3 29 21 11
4 65 15 74 39
2 69 9
3 4 52 9
5 51 33 5 22 6
2 44 43
2 7 63
3 74 39 31
4 61 33 7 51
4 40 66 42 71
2 38 56
3 64 42 32
2 9 37
2 23 45
4 36 27 57 4
4 73 12 38 19
4 42 64 47 32
3 37 44 45
3 53 70 10
4 56 16 62 26
18
3 17 12 10
4 14 4 16 3
4 4 17 2 16
3 11 3 2
2 18 14
3 12 10 8
2 13 8
4 6 13 7 9
1 8
5 15 1 13 12 6
2 18 4
3 1 6 10
3 10 7 8
2 5 2
3 16 17 10
4 2 3 15 17
4 3 1 16 15
2 5 11
30
4 15 21 7 20
3 27 19 5
3 17 26 9
4 10 18 28 24
5 14 2 17 19 8
3 21 22 23
4 28 20 1 21
4 19 5 9 17
4 8 12 3 26
3 30 4 18
2 29 13
4 9 30 26 25
4 23 22 29 11
2 27 5
3 24 1 28
2 20 23
3 5 3 8
5 25 30 24 10 4
3 2 8 5
4 7 1 16 21
4 1 7 6 20
4 6 29 23 13
4 16 6 13 22
3 18 15 4
3 26 12 18
4 3 9 25 12
2 14 2
3 4 7 15
3 22 13 11
3 12 10 18
124
4 66 69 41 87
3 113 55 76
3 19 120 77
4 79 20 38 104
4 23 35 88 124
3 34 23 109
4 67 44 10 107
2 68 63
3 12 100 56
3 7 18 107
4 63 67 29 44
2 73 9
2 73 114
4 78 99 58 123
4 119 40 117 30
4 47 59 42 97
2 75 79
2 10 36
3 20 104 3
3 4 19 104
4 81 52 112 72
4 54 47 36 57
2 6 5
5 94 62 71 92 84
3 87 69 61
4 121 101 75 31
3 35 124 119
3 30 117 33
3 49 44 11
4 111 15 28 117
3 101 70 26
2 91 77
2 83 28
4 51 6 103 118
3 5 27 82
4 18 54 57 22
5 64 45 46 115 96
4 108 79 104 4
2 44 107
4 82 111 119 15
4 93 87 1 69
4 57 97 16 59
3 56 113 55
4 29 11 39 7
4 112 53 115 37
4 37 115 68 96
3 22 16 57
2 100 80
3 122 29 63
5 110 102 105 90 60
3 95 34 103
4 86 72 81 21
4 72 64 112 45
3 107 22 36
4 85 43 116 2
3 9 43 85
4 36 22 42 47
3 14 123 94
4 16 42 93 97
3 90 50 101
3 25 95 103
3 65 92 24
3 8 11 49
2 53 37
2 123 62
2 97 1
2 11 7
4 46 96 8 74
4 1 41 95 25
3 31 106 75
4 24 86 84 98
3 52 53 21
2 13 12
2 96 68
4 26 17 70 106
5 2 116 102 89 110
4 32 3 78 120
3 77 120 14
4 17 4 108 38
2 48 85
4 98 86 21 52
3 124 35 40
2 117 33
5 92 24 98 71 86
3 80 56 55
4 71 84 52 81
4 41 1 25 95
3 109 124 5
4 116 110 76 102
4 102 110 60 50
2 104 32
4 62 94 84 24
3 59 97 41
3 58 24 92
4 69 87 51 61
5 115 37 74 46 68
5 42 16 66 59 93
3 84 71 81
2 123 14
3 114 48 9
5 60 105 31 121 26
5 76 89 90 110 50
4 61 51 118 34
5 38 4 91 20 19
3 50 121 101
3 70 75 108
4 39 7 54 10
3 106 38 79
3 118 6 88
5 89 76 50 102 90
4 40 119 30 117
3 21 45 53
2 43 2
2 13 100
4 45 96 37 46
3 55 89 76
5 15 111 83 30 28
3 103 34 109
4 27 15 40 111
3 3 77 78
3 105 26 101
1 49
4 99 65 14 58
4 88 5 82 27
66
4 23 62 56 53
3 15 27 39
4 9 58 60 33
4 51 11 45 32
3 31 56 23
2 64 18
4 40 30 28 29
4 44 37 59 12
3 55 3 33
3 26 54 18
4 20 52 32 4
4 37 44 21 8
4 62 41 57 25
2 32 27
3 45 2 17
3 22 65 37
3 27 15 35
5 6 26 43 10 54
3 41 26 64
4 60 42 11 52
2 12 50
5 43 54 16 65 34
3 61 1 5
2 66 38
4 57 13 64 41
4 19 64 10 18
3 14 17 2
3 7 48 66
3 30 66 7
3 49 29 7
3 47 5 61
5 11 51 14 4 45
5 58 9 42 3 60
3 65 22 44
2 17 63
3 38 58 55
3 16 12 8
2 24 36
3 2 47 63
2 49 7
4 13 19 25 64
3 33 52 20
3 18 22 54
3 34 8 12
3 4 32 15
2 48 55
3 39 31 63
2 28 46
2 30 40
2 21 59
3 52 4 32
4 42 51 20 11
3 56 1 57
5 10 18 65 43 22
4 46 9 36 58
4 5 53 1 62
4 53 62 25 13
4 36 55 33 3
2 8 50
3 3 33 20
3 63 23 31
4 1 56 13 57
4 35 39 61 47
5 25 41 6 19 26
4 54 34 22 16
3 29 24 28
112
2 76 71
3 31 32 99
4 79 21 26 25
3 34 42 45
3 53 81 69
4 71 77 98 38
3 61 112 23
5 19 90 42 87 34
3 84 104 95
4 112 50 21 79
3 69 91 81
3 52 62 37
3 91 110 89
3 92 85 65
3 107 76 77
4 58 90 83 19
5 48 75 78 102 101
3 21 25 26
4 83 16 8 87
4 60 58 30 27
5 10 108 18 79 3
5 106 54 48 86 75
4 103 50 7 112
3 28 29 67
4 18 3 82 94
3 3 18 94
3 30 20 83
4 37 62 24 67
4 24 67 97 70
3 100 27 20
5 94 82 2 57 99
4 2 99 64 55
3 49 72 109
4 87 8 4 42
4 45 39 103 93
3 72 109 65
5 56 12 28 62 46
5 66 6 53 98 51
3 88 93 35
3 65 106 54
2 96 111
5 8 87 88 34 4
3 81 89 91
3 63 109 72
3 4 88 35
3 62 37 67
2 55 59
2 22 17
4 110 74 33 63
4 23 108 112 10
4 98 38 69 53
4 101 12 80 56
4 38 98 5 51
4 85 40 86 22
3 99 47 32
3 80 52 37
3 82 99 31
2 20 16
3 47 64 73
3 104 68 20
2 93 7
4 12 46 37 28
4 74 110 44 49
3 32 96 59
5 36 92 40 14 85
3 77 71 38
5 46 28 97 24 29
4 95 100 104 60
3 51 11 5
2 97 29
3 1 6 66
3 33 44 36
4 59 96 105 111
3 89 63 49
4 86 22 102 17
5 105 111 1 107 15
3 15 66 6
3 17 80 101
4 108 10 3 21
4 78 101 56 52
3 5 43 11
3 25 57 31
4 27 19 16 90
2 9 95
3 14 65 54
4 54 106 75 22
5 90 19 34 8 42
3 42 39 45
3 43 74 13
4 16 83 87 8
3 11 13 43
3 109 14 65
3 39 61 35
3 26 25 31
3 84 68 9
3 64 41 73
3 67 29 70
4 6 51 38 53
5 57 31 55 2 32
3 68 104 30
5 102 17 52 78 80
3 75 101 17
2 35 23
4 9 60 68 100
4 73 76 111 107
3 40 22 86
4 111 105 15 76
3 50 79 21
4 44 33 92 36
3 13 49 63
5 41 73 107 105 76
4 7 23 10 50
132
3 115 5 128
3 53 73 31
3 12 119 16
3 20 41 130
3 1 128 77
2 128 69
3 127 67 39
4 58 34 106 129
4 15 57 96 107
4 18 106 51 43
3 111 66 78
4 65 3 50 16
4 67 87 33 99
4 71 30 25 118
4 119 56 9 57
4 50 12 56 3
4 64 72 94 24
2 129 10
2 59 29
5 35 45 4 41 90
2 96 103
2 49 44
2 104 98
4 72 64 65 17
4 14 85 47 118
4 87 91 122 112
3 106 43 51
4 116 130 63 101
5 19 60 108 123 93
2 121 14
5 80 2 79 73 132
3 81 54 76
5 39 67 99 13 87
5 38 46 129 58 8
4 43 51 20 41
3 126 102 128
3 124 92 103
3 66 34 58
3 75 7 33
3 112 81 74
5 45 35 90 20 4
2 113 127
3 27 10 35
3 93 49 22
3 51 41 20
4 68 66 58 34
4 25 59 52 109
2 62 102
4 108 93 44 22
4 94 65 16 12
4 10 27 45 35
3 118 109 47
4 117 2 55 80
2 32 64
3 88 80 53
3 16 57 15
4 56 107 15 9
5 46 38 8 34 129
3 47 19 109
3 109 123 29
5 98 97 110 83 62
5 83 61 48 110 100
2 28 82
5 54 131 17 72 24
4 24 12 94 50
4 11 38 68 46
3 7 13 33
3 78 46 66
3 6 120 77
2 91 74
4 84 121 14 85
4 131 24 64 17
4 2 132 31 79
4 70 40 76 81
2 86 39
3 74 131 32
3 5 113 69
3 125 68 11
4 31 73 121 84
3 55 53 31
3 40 32 74
3 63 97 98
3 97 62 61
4 132 79 71 121
3 71 118 25
3 95 75 127
4 13 33 26 122
3 89 55 117
3 103 92 88
3 41 20 116
2 26 70
4 37 114 103 89
5 123 29 44 108 49
3 17 50 65
3 120 113 86
4 9 107 21 124
4 82 83 98 61
4 23 82 61 97
3 33 13 122
4 110 62 126 102
3 130 104 28
5 48 100 115 126 36
4 21 37 89 92
2 101 23
2 125 111
4 8 129 27 10
4 57 124 9 96
3 29 49 93
4 52 47 60 59
3 61 100 62
2 105 11
3 122 26 40
3 77 42 95
2 92 117
4 102 126 1 128
2 90 28
3 114 53 88
4 85 14 52 25
2 3 15
2 69 95
4 79 30 84 71
4 99 87 112 26
3 60 93 29
3 107 37 96
2 105 78
4 100 36 102 115
3 42 7 86
5 36 115 6 1 5
5 34 58 18 8 106
3 4 101 28
3 76 72 64
3 73 31 84
114
5 21 89 72 58 108
4 30 66 45 81
3 72 68 36
2 97 83
2 109 100
4 46 17 35 20
4 80 50 24 64
3 111 90 106
3 104 111 78
3 70 74 42
4 38 40 96 99
3 19 98 53
5 35 95 63 103 65
2 73 17
4 75 100 56 51
3 43 109 83
4 14 20 46 6
4 62 92 71 28
4 28 92 12 53
3 17 95 6
3 25 1 89
4 79 114 85 44
5 86 106 80 76 50
3 7 59 41
2 59 21
2 51 56
2 74 104
5 71 18 19 92 77
2 53 102
2 96 2
3 68 39 97
4 52 49 57 84
3 93 73 46
3 66 81 45
4 6 13 95 103
5 108 72 55 3 68
2 105 78
3 61 11 99
4 31 94 43 97
4 88 61 99 11
3 64 24 67
5 110 70 48 10 74
2 39 16
5 85 22 101 114 112
3 2 34 79
3 33 6 17
3 81 85 79
2 42 105
3 32 61 88
4 76 23 82 7
4 69 15 56 26
2 57 32
4 77 19 29 12
2 63 71
2 36 94
4 15 69 51 26
3 52 84 32
4 89 108 1 72
3 24 25 67
3 83 107 109
4 49 38 88 40
3 65 18 71
3 13 54 65
3 82 7 41
4 103 13 62 63
4 87 96 34 2
3 41 59 89
4 3 36 31 94
3 100 51 56
4 102 113 10 42
4 54 62 28 18
4 1 58 3 36
5 112 101 14 93 33
4 10 42 27 105
3 107 15 100
4 106 50 23 80
3 92 28 53
4 37 90 9 111
4 45 22 47 85
4 23 76 7 82
3 34 2 47
3 50 80 64
4 4 60 16 109
3 57 32 88
5 47 79 44 22 114
3 91 23 106
3 99 66 96
4 84 49 40 61
4 67 58 21 1
3 78 91 8
4 90 111 86 106
4 18 77 28 19
4 101 112 33 73
4 55 68 97 39
4 20 103 35 13
4 11 30 87 66
4 94 31 4 39
2 12 113
4 40 38 87 11
4 5 69 75 15
5 44 114 93 112 73
4 29 70 113 110
4 95 35 65 13
3 27 105 9
4 48 74 37 104
5 8 91 76 86 23
3 60 109 75
3 58 1 36
5 16 83 5 60 107
3 113 102 42
4 9 78 8 91
5 114 44 73 101 93
4 98 110 102 70
5 22 85 112 44 101
78
4 61 55 20 52
2 68 38
3 75 8 39
2 30 26
4 46 42 15 30
4 69 7 12 57
4 6 12 75 57
4 3 76 19 33
4 10 59 51 21
2 74 9
4 19 46 53 42
5 18 69 57 6 7
3 32 40 73
3 22 18 56
3 5 43 30
5 60 36 48 70 23
2 77 56
3 14 12 69
3 8 11 53
3 62 52 1
3 71 9 54
3 72 14 56
4 70 16 49 27
4 41 38 66 68
2 57 76
4 4 41 67 64
4 48 23 72 49
4 37 35 45 65
4 65 35 40 32
5 50 5 4 15 43
4 40 32 58 73
4 44 29 13 31
3 39 8 53
4 51 60 54 36
3 28 44 29
4 54 34 70 16
3 55 52 28
3 24 68 2
3 76 3 33
3 29 31 13
3 26 67 24
4 53 11 50 5
3 15 30 67
3 35 65 32
3 47 65 28
3 11 5 50
3 52 55 45
3 16 27 49
5 23 48 77 27 72
3 42 46 30
3 9 71 34
5 20 1 47 55 37
4 33 19 42 11
3 21 36 34
4 1 37 52 47
4 17 22 69 14
5 12 6 25 7 75
3 31 74 73
3 63 71 9
3 34 16 70
3 78 1 62
3 78 20 61
3 73 59 74
3 67 26 66
4 45 28 29 44
3 64 68 24
4 43 64 26 41
4 66 24 38 2
4 56 6 18 12
4 36 60 23 16
3 59 21 51
3 27 49 22
4 13 31 63 58
3 58 10 63
4 7 57 3 76
4 25 75 39 8
2 49 17
2 61 62
28
3 5 8 3
2 16 19
4 23 1 9 16
3 10 6 24
4 27 1 18 23
4 4 24 18 27
4 15 19 14 20
2 1 16
3 3 17 16
4 11 28 4 24
4 26 22 10 28
3 13 26 21
2 21 12
4 19 15 7 20
3 17 7 14
5 8 3 2 9 17
3 9 16 15
4 6 27 23 5
3 2 14 7
2 14 7
4 13 22 12 26
4 21 28 26 11
3 18 5 3
5 25 10 27 4 6
2 28 24
4 12 21 11 22
4 24 5 6 18
4 22 25 11 10
84
3 75 58 73
3 45 19 24
4 71 47 61 52
3 67 70 65
4 65 12 13 84
2 49 64
5 63 21 51 74 22
2 64 59
5 60 34 77 48 28
4 11 35 50 67
3 44 79 10
4 5 76 84 82
3 70 84 5
3 17 60 46
3 43 30 29
4 36 81 31 78
4 38 14 68 46
5 27 42 33 26 55
4 80 62 45 2
3 41 31 54
3 57 74 7
3 7 25 51
2 40 32
4 2 62 37 72
3 22 45 80
5 42 27 55 18 33
4 82 76 18 26
4 48 9 58 77
3 54 15 69
2 15 38
5 16 78 43 41 20
2 23 39
4 18 26 81 36
4 46 48 60 9
4 79 44 67 10
5 55 33 16 81 78
3 24 61 71
3 30 17 68
3 32 59 63
2 66 23
3 78 20 31
3 76 26 18
2 31 15
3 47 11 35
3 25 2 19
5 68 17 34 14 60
3 3 44 79
3 34 28 9
3 53 6 56
3 10 65 70
3 7 80 22
3 61 3 79
2 49 56
2 20 29
4 26 18 36 81
3 53 66 49
3 59 21 63
3 28 83 1
3 8 57 39
4 14 46 9 34
4 37 71 52 3
3 19 72 24
3 39 57 7
3 6 66 8
3 50 4 5
3 56 40 64
3 35 4 10
4 69 38 46 17
2 29 68
3 4 50 13
4 72 3 37 61
3 62 71 24
2 83 1
2 21 7
3 77 1 83
5 12 84 42 82 27
3 9 75 28
5 81 36 41 16 31
4 52 47 35 11
3 51 19 25
5 33 55 78 36 16
4 84 12 27 76
3 58 75 73
5 13 5 82 12 76
64
3 30 58 38
4 32 16 25 47
2 48 53
3 33 52 35
4 34 46 39 8
3 11 13 23
3 49 57 53
4 39 5 46 27
4 35 62 18 40
4 59 24 42 17
4 40 18 6 13
4 54 20 55 34
5 18 40 37 11 6
4 29 33 45 52
3 41 54 43
4 42 17 51 2
4 56 10 32 16
4 9 13 40 11
3 25 41 21
3 12 39 34
3 64 19 43
4 50 61 38 30
4 6 24 26 59
5 23 26 56 59 10
2 2 19
4 37 59 23 24
2 46 8
2 50 61
5 57 53 14 60 45
4 61 50 1 22
3 38 49 58
3 17 2 51
3 14 45 4
4 55 12 5 20
4 4 44 9 63
3 43 55 54
2 13 26
3 22 31 1
3 20 8 5
5 63 9 11 18 13
3 19 64 15
2 10 16
3 21 36 15
3 52 62 35
5 60 29 52 14 33
3 5 8 27
3 51 2 64
2 58 3
3 31 58 7
3 28 22 30
3 16 32 47
4 45 14 44 4
5 3 7 60 57 29
4 15 12 36 55
4 36 54 34 12
2 24 17
3 7 29 53
4 1 48 31 49
4 26 23 10 24
3 53 45 29
3 28 30 22
3 44 63 9
3 62 35 40
3 47 21 41
20
3 15 7 8
4 18 4 17 5
3 6 12 10
4 2 17 5 9
4 17 2 4 9
4 11 7 3 10
3 1 14 6
4 13 15 11 1
2 5 4
5 14 6 18 3 12
3 8 6 14
3 3 10 17
2 16 8
3 7 11 10
3 20 1 8
2 19 13
5 12 18 5 2 4
3 10 2 17
2 16 20
2 19 15
124
4 29 92 42 74
3 17 76 24
2 22 44
3 121 30 34
3 6 84 51
3 112 5 118
4 18 20 77 116
4 124 94 59 41
3 73 11 101
4 85 56 16 68
5 72 113 82 73 9
3 98 95 38
2 30 15
5 15 111 122 91 45
5 13 23 14 111 91
4 85 68 10 56
4 103 58 2 26
3 57 7 116
5 93 27 115 107 89
4 65 57 116 7
3 44 90 48
4 102 3 86 50
4 33 30 111 15
4 26 112 2 76
4 48 90 32 99
4 58 103 24 17
4 56 107 93 19
4 75 70 104 98
4 101 120 1 92
5 4 34 13 33 23
2 90 99
2 25 108
3 34 23 30
5 59 121 33 4 30
3 71 62 47
3 114 113 72
2 76 118
3 63 12 61
2 74 104
4 105 66 78 114
5 94 124 121 8 59
2 1 75
4 53 77 52 49
4 3 50 21 97
5 91 14 60 122 123
5 123 60 88 96 83
4 79 109 35 62
3 97 21 25
4 77 53 67 43
4 86 22 106 44
4 118 5 65 57
2 43 66
4 116 43 77 49
3 95 102 110
4 62 109 119 81
3 10 16 27
5 84 51 18 65 20
4 100 80 26 17
3 8 41 34
5 45 122 96 123 46
2 38 110
5 35 47 55 109 81
3 70 38 95
2 92 74
4 51 84 20 57
4 52 114 105 40
2 49 105
3 16 10 93
4 88 83 100 80
3 28 63 98
2 115 35
3 78 36 11
3 113 9 11
3 64 1 39
2 42 28
3 2 24 37
5 7 116 49 53 43
3 40 114 72
2 89 47
5 87 69 103 100 58
4 109 62 117 55
3 11 120 101
5 96 46 87 88 69
3 5 57 65
2 10 16
3 110 50 22
3 83 88 80
5 46 96 69 83 87
3 107 19 79
3 21 31 25
5 111 15 45 14 122
5 120 101 64 29 1
3 68 19 27
3 119 41 8
3 12 63 54
4 60 83 46 88
3 106 44 48
4 104 28 12 70
3 31 25 108
3 69 58 80
4 9 82 29 92
2 54 22
3 80 17 26
3 39 98 28
4 67 40 66 114
2 50 97
4 27 89 19 115
2 32 99
4 47 81 62 55
3 61 54 86
4 23 91 15 14
2 24 6
3 36 73 11
5 66 105 36 40 78
3 19 107 71
5 20 18 53 7 77
3 81 124 119
3 37 6 51
4 55 94 117 124
3 82 92 29
3 41 4 34
5 14 91 123 45 60
4 122 45 46 60
4 117 119 8 41
42
3 39 23 3
3 21 6 12
3 35 27 1
2 37 34
3 28 35 41
3 2 20 26
3 25 38 33
2 20 18
3 36 40 18
3 11 19 13
4 38 25 10 33
3 21 24 2
4 33 10 30 19
3 32 41 28
4 42 40 17 29
3 19 30 31
3 15 29 34
4 8 42 9 40
5 10 33 16 13 30
2 6 8
2 2 12
3 37 34 28
4 1 25 27 38
2 12 26
4 23 27 7 11
3 24 6 36
4 3 38 23 25
4 22 32 5 14
3 40 15 17
4 13 19 16 31
2 30 16
4 34 37 14 28
4 7 11 13 19
4 17 4 32 22
4 5 41 3 39
2 26 9
3 4 22 32
4 27 23 11 7
3 41 1 35
5 9 18 29 42 15
4 14 39 5 35
3 18 15 40
92
4 87 65 40 47
2 69 34
3 80 28 72
4 38 49 86 50
2 27 30
4 23 62 17 60
5 31 25 26 51 70
3 41 80 72
5 47 65 88 48 59
2 52 69
4 81 63 36 75
5 19 76 63 39 81
2 77 54
4 28 72 27 55
3 63 75 36
4 59 46 66 71
3 6 83 84
4 54 90 62 21
2 74 12
3 42 84 91
3 90 23 18
3 35 45 68
2 21 6
3 86 31 79
4 79 51 31 7
5 7 51 53 70 35
4 14 55 5 89
3 3 14 55
3 44 33 52
5 5 64 92 85 57
4 24 79 7 25
4 84 42 74 91
3 29 56 69
4 2 77 58 82
3 70 26 22
3 11 15 67
3 56 69 58
3 92 4 49
4 76 81 12 63
5 61 87 47 1 65
2 71 8
3 60 20 32
3 75 61 87
2 52 29
3 53 22 68
3 16 66 80
4 40 1 9 48
5 65 47 59 9 88
4 57 50 38 4
3 49 78 4
4 25 70 7 26
3 44 10 29
3 26 70 45
2 13 18
5 72 28 89 14 27
3 33 37 69
4 85 30 49 92
4 37 82 34 77
5 48 9 16 88 66
4 83 6 42 84
2 43 40
3 18 83 6
4 12 39 15 11
3 89 85 30
4 1 40 48 9
5 88 59 71 16 46
2 36 87
2 45 22
5 10 33 2 56 37
5 51 7 35 26 53
4 66 16 41 80
4 8 3 55 14
3 82 77 90
3 32 19 91
3 15 11 43
3 91 39 12
4 34 58 13 73
2 50 79
4 78 25 24 31
4 46 71 3 8
3 39 12 11
3 58 34 73
3 62 60 17
4 17 60 32 20
3 64 57 30
2 4 24
4 67 43 1 40
4 9 48 66 59
3 55 64 27
3 73 21 18
4 20 32 76 74
3 30 38 57
96
4 9 85 3 35
3 57 17 41
4 21 35 1 85
4 81 18 27 79
4 24 75 18 81
4 95 89 47 88
5 76 56 45 77 13
4 75 24 81 18
3 13 1 21
3 64 93 36
2 34 59
4 29 90 17 80
5 77 7 9 45 21
4 37 43 89 95
3 94 39 50
2 38 74
5 12 80 78 57 2
4 5 8 79 4
4 67 75 61 24
4 72 22 52 42
4 45 13 3 9
3 30 58 20
5 87 49 56 32 76
4 61 19 5 8
3 82 48 30
5 52 42 37 96 43
4 4 79 38 63
3 85 59 66
3 83 12 90
3 92 25 22
4 47 71 70 65
3 49 76 23
3 78 55 41
3 66 59 11
4 3 1 66 85
4 54 10 84 46
3 26 14 69
3 27 16 60
4 15 40 91 50
4 44 94 50 39
4 2 64 33 55
5 58 20 96 52 26
4 96 26 69 14
2 46 40
3 7 21 13
5 93 36 44 84 94
5 6 88 31 71 62
3 25 92 72
3 74 32 23
5 40 15 51 39 91
2 50 68
5 20 58 26 42 96
2 60 87
2 55 36
3 33 41 54
3 23 77 7
3 80 2 17
3 22 42 52
3 28 34 11
4 63 38 53 74
3 24 19 75
4 71 47 65 70
3 86 27 60
2 41 10
3 62 31 73
4 35 85 34 28
3 70 19 73
3 51 91 92
4 43 37 95 89
4 31 62 67 73
4 88 62 47 31
2 48 20
3 65 70 67
4 16 60 49 87
4 19 61 8 5
3 32 23 7
3 56 13 7
2 17 33
5 18 81 86 4 27
4 90 57 12 17
4 8 5 4 79
3 91 25 92
2 90 29
4 36 93 94 46
5 1 3 28 35 66
2 79 63
3 53 74 23
5 89 95 71 6 47
4 14 69 88 6
4 83 80 29 12
4 39 50 82 68
4 68 82 30 48
3 10 46 84
4 84 46 15 40
4 69 14 6 88
4 42 52 43 26
116
5 91 70 50 81 96
3 21 79 94
5 26 114 64 60 98
5 66 90 55 93 53
3 50 7 97
2 85 13
3 5 38 102
3 32 21 15
5 45 88 83 74 18
2 110 95
2 78 51
5 106 49 61 109 87
4 6 41 48 42
3 94 47 76
3 57 115 8
3 64 98 39
5 18 83 65 111 24
4 74 9 17 83
4 80 52 72 46
5 27 71 49 86 106
2 8 2
4 102 35 68 78
3 103 26 44
4 111 17 80 52
3 95 34 63
2 23 3
4 99 105 20 71
3 36 69 104
2 101 32
2 89 113
4 73 40 101 108
3 29 77 8
3 39 75 58
3 104 92 25
3 22 112 78
3 89 28 110
3 97 68 102
3 96 97 7
5 16 100 33 59 58
3 75 54 31
4 13 90 42 66
4 48 13 66 41
3 67 85 48
3 107 114 23
4 76 47 9 74
4 52 80 56 19
5 14 79 88 76 45
3 43 42 13
4 20 109 106 12
2 1 5
2 112 11
4 65 24 46 19
5 93 4 62 55 116
4 58 73 75 40
4 4 116 53 62
3 46 91 70
2 77 15
5 59 39 54 33 75
3 100 58 39
3 114 98 3
4 12 109 103 87
4 53 55 99 116
3 25 85 82
4 3 16 98 100
2 17 52
4 42 41 4 93
2 82 43
3 37 78 22
4 113 89 110 28
5 72 56 81 91 1
5 105 99 86 27 20
3 19 70 91
3 54 75 31
5 88 45 18 9 83
5 33 58 40 54 73
4 79 14 45 47
4 84 101 57 32
5 68 22 11 35 112
3 2 76 47
3 24 19 46
4 70 91 96 1
4 92 67 63 85
5 9 74 111 18 17
2 108 77
4 63 82 6 43
3 71 106 20
5 109 12 107 61 103
3 47 74 9
4 30 36 113 69
3 41 93 4
5 56 72 1 70 81
2 34 82
4 90 66 53 4
3 115 14 2
2 10 25
3 81 1 38
3 38 5 37
5 60 3 100 64 16
5 62 116 27 105 71
4 98 64 59 39
4 31 108 29 77
3 7 22 37
4 61 87 23 107
3 28 110 34
4 116 71 99 27
4 86 20 12 49
3 87 44 103
3 84 31 101
4 49 87 12 61
4 69 36 10 104
3 83 24 17
3 35 78 51
3 30 69 89
3 44 60 3
2 15 94
5 55 53 105 62 99
52
3 10 30 27
3 52 21 38
2 25 46
5 50 33 7 32 15
3 49 14 18
3 42 10 27
3 4 36 24
4 17 33 12 50
3 20 39 40
4 36 24 1 6
4 51 47 28 49
4 41 17 50 8
3 45 16 20
4 5 18 35 34
3 32 4 24
4 13 23 37 20
4 48 29 8 12
4 28 34 5 14
3 43 29 31
5 23 13 9 16 37
3 44 25 2
2 27 30
3 45 20 16
4 15 7 42 10
3 21 52 3
3 47 49 28
4 6 1 30 22
4 11 26 18 49
4 19 31 41 17
3 1 27 22
4 46 48 19 29
4 33 50 15 4
3 8 32 4
3 18 44 14
2 14 52
2 7 10
3 16 20 40
2 2 43
2 9 51
3 37 9 47
2 29 12
2 24 6
3 38 19 46
2 34 21
2 23 13
3 3 31 43
3 40 26 11
2 31 17
4 26 11 5 28
4 12 8 4 32
2 39 11
3 35 2 25
110
5 15 98 35 4 42
4 60 90 37 34
5 55 105 7 25 71
4 98 42 1 35
3 36 58 43
4 80 20 67 85
4 3 25 106 39
4 77 11 30 36
4 75 110 82 72
3 81 24 100
4 87 48 36 8
4 31 109 90 50
4 89 84 41 61
3 103 75 95
3 73 22 1
4 62 49 18 78
4 23 59 76 79
3 28 78 16
3 65 81 24
4 83 85 80 6
3 72 56 45
3 63 98 15
4 67 32 17 59
4 74 19 38 10
5 105 55 71 3 7
5 92 46 62 101 28
3 66 91 102
3 101 26 18
3 58 43 53
3 8 36 43
4 56 68 12 109
4 85 59 67 23
3 108 46 97
4 2 64 37 63
5 1 4 47 42 51
4 11 5 8 30
5 2 52 63 34 64
3 24 96 100
4 71 7 103 93
2 54 41
3 40 61 13
5 4 1 51 35 47
5 30 5 99 58 29
3 61 80 83
4 110 68 21 56
4 33 101 92 26
4 35 42 108 70
3 107 77 11
4 16 66 78 69
4 109 60 12 90
4 42 35 70 108
3 90 60 37
2 99 29
2 40 89
4 104 88 3 25
3 21 45 31
3 96 104 88
4 5 29 43 99
5 32 67 79 23 17
4 50 2 90 52
3 41 13 44
2 26 16
3 37 34 22
3 34 37 73
3 79 19 76
5 49 78 27 69 102
5 6 85 23 32 59
3 45 109 31
4 78 49 102 66
4 51 47 97 108
3 25 3 39
3 82 9 21
2 64 15
3 76 24 81
2 14 9
3 17 74 65
3 48 87 8
5 18 16 69 49 66
3 59 65 17
4 44 6 20 85
3 19 74 10
3 95 72 9
3 84 20 44
2 13 83
5 20 80 32 6 67
2 93 95
4 91 107 11 77
5 94 57 105 104 55
2 54 13
5 12 50 52 60 2
2 27 87
3 97 26 46
3 106 39 86
3 100 96 88
3 86 14 82
4 38 57 100 94
3 70 92 33
3 22 4 1
3 43 58 53
4 10 38 94 96
3 46 28 26
4 69 66 107 27
3 39 106 14
4 57 55 88 105
4 88 104 25 3
3 7 93 103
3 102 48 87
4 47 51 33 70
4 68 50 31 12
2 9 45
