20
44
3 27 11 23
4 12 21 19 38
4 8 34 42 17
2 10 42
3 36 11 27
4 16 40 18 7
4 40 16 32 6
3 25 3 42
4 41 29 24 39
4 20 30 4 25
4 5 27 1 23
4 39 29 2 35
4 34 33 43 14
3 13 16 33
4 37 28 26 22
5 14 33 6 40 7
4 42 3 43 34
3 6 31 36
4 35 38 2 21
4 38 21 10 25
5 2 19 30 38 20
4 28 41 15 26
2 1 11
3 26 39 9
4 30 20 8 10
4 15 22 24 41
5 31 36 1 5 11
3 44 22 15
4 9 35 39 12
4 21 38 25 10
3 18 32 27
3 7 36 31
4 13 40 14 16
3 3 13 17
3 29 19 12
4 32 18 5 27
2 44 15
5 19 2 20 21 30
4 24 9 12 29
4 33 7 16 6
3 22 9 26
4 4 8 17 3
2 17 13
2 28 37
288
3 184 10 68
4 131 133 14 57
4 189 93 29 210
3 24 215 126
4 90 43 165 113
3 33 187 205
5 55 220 197 148 152
3 235 94 252
4 143 176 44 101
3 1 68 22
4 51 85 222 232
3 98 223 80
4 255 14 239 122
4 2 122 255 13
3 73 256 194
5 165 59 237 27 246
4 250 177 87 221
3 92 39 240
3 188 186 146
3 210 36 273
3 93 210 273
2 10 123
4 204 265 38 118
2 41 4
4 46 65 286 102
4 226 271 233 283
5 59 165 246 16 237
2 177 221
4 145 189 210 3
2 88 247
5 106 32 51 269 85
5 139 227 269 106 31
3 56 6 119
4 231 288 55 220
4 146 134 186 128
3 20 282 273
4 87 221 132 174
3 23 256 162
3 18 138 116
3 212 281 124
4 153 88 24 247
2 201 189
3 202 113 5
4 74 143 101 9
4 169 287 266 276
3 251 25 102
3 246 274 62
3 64 238 78
2 144 249
4 127 184 194 82
5 31 269 11 85 91
4 281 219 181 190
3 61 151 249
5 203 284 206 60 120
3 34 147 7
2 81 33
3 133 255 2
4 112 100 267 173
4 113 27 165 16
4 284 120 54 206
2 230 53
4 237 246 263 47
4 123 172 149 83
3 254 48 115
3 105 102 25
3 134 128 203
4 187 205 204 228
5 82 184 264 1 10
4 182 216 76 129
2 274 227
2 152 95
4 161 262 89 201
3 162 15 127
4 97 107 44 143
2 174 277
4 69 259 84 117
3 199 195 182
3 115 244 48
3 175 208 225
4 159 217 12 223
3 102 56 121
4 194 50 68 184
3 172 167 63
4 129 117 76 259
5 269 31 91 51 11
2 126 111
3 17 37 168
4 245 30 153 41
3 72 201 145
2 111 5
4 85 51 232 222
2 104 18
2 3 21
4 258 242 236 8
3 71 254 191
3 275 175 225
3 120 74 107
4 283 233 12 159
2 200 214
5 101 176 285 112 58
4 44 9 100 112
4 65 46 81 25
2 121 119
2 249 92
2 137 65
5 227 139 31 32 269
5 206 120 143 97 74
4 166 125 261 218
3 191 115 254
2 151 138
3 86 215 90
5 176 101 58 100 285
4 43 59 5 165
2 132 207
3 109 78 64
5 39 240 198 248 183
4 84 76 288 231
3 265 162 23
4 103 33 205 187
5 60 54 97 206 107
3 286 81 103
4 14 272 13 239
4 22 270 63 172
4 280 212 219 40
4 179 196 166 108
4 247 86 4 215
3 256 73 50
4 186 35 130 66
3 216 84 69
2 128 284
4 260 209 2 133
4 37 168 114 174
5 209 260 57 131 2
3 35 186 66
4 155 180 251 137
3 282 160 200
3 180 105 135
3 110 240 39
3 213 32 106
2 273 200
4 207 268 253 171
2 271 283
4 107 9 74 44
2 272 49
2 89 29
5 214 188 35 19 186
4 288 231 220 55
4 220 152 7 197
4 63 278 167 245
2 244 238
2 53 110
3 148 7 71
4 278 245 41 88
3 208 225 279
3 261 135 180
3 171 158 169
2 197 191
4 156 163 266 169
3 233 80 98
2 136 188
2 178 72
4 118 73 38 256
4 268 171 169 158
4 217 275 243 175
5 5 113 16 59 27
5 224 179 108 125 196
4 83 245 149 278
4 221 87 174 132
5 163 156 45 158 266
5 267 173 177 229 250
5 253 141 156 268 163
4 270 83 123 63
4 285 58 229 170
4 168 37 75 132
5 243 164 79 275 96
3 9 112 100
4 170 229 28 17
2 262 161
3 279 125 166
4 218 137 155 135
4 52 260 241 209
3 77 234 69
3 248 116 257
5 50 194 1 82 68
3 198 271 226
5 19 146 128 35 134
3 6 119 67
3 160 19 146
3 42 3 29
4 219 281 241 52
4 157 109 95 254
3 236 195 252
2 211 224
4 15 82 50 184
4 192 252 234 77
3 125 166 218
3 7 148 157
4 116 248 185 257
3 252 77 234
3 140 99 136
4 262 42 72 89
2 215 43
3 66 54 284
3 67 23 265
4 119 6 228 67
4 54 60 107 120
3 114 141 253
4 79 154 225 211
4 241 181 133 131
4 29 3 20 21
4 225 208 193 279
3 287 40 124
3 263 274 139
2 99 146
4 4 126 202 111
3 234 129 69
4 80 164 223 243
4 196 108 180 261
4 124 190 281 52
4 147 34 148 7
4 28 17 168 37
5 11 91 258 232 242
4 12 80 243 217
3 193 279 166
5 96 79 211 208 154
3 257 185 26
3 70 106 32
3 205 265 67
4 173 250 170 177
3 239 272 61
4 259 117 34 147
4 91 11 242 222
4 26 159 283 98
4 195 199 216 182
3 242 8 236
4 94 235 192 252
3 16 27 62
2 48 150
3 13 122 230
4 138 18 248 116
4 190 209 181 260
4 232 222 235 94
5 223 217 175 164 275
2 78 150
5 167 149 88 278 153
4 27 16 47 62
3 30 41 126
4 240 183 116 198
3 49 104 53
3 229 170 17
2 135 46
5 8 236 199 192 195
4 277 207 171 141
4 95 191 64 109
3 57 13 14
4 38 162 127 15
4 183 198 226 271
2 222 94
4 76 84 231 288
4 181 241 131 133
3 108 155 218
3 178 201 72
2 62 213
2 68 270
4 228 118 204 23
4 158 169 276 45
2 58 170
3 141 163 171
5 32 106 85 31 51
3 264 172 123
4 185 257 142 26
3 122 144 230
4 21 20 140 36
3 47 70 213
4 164 243 96 175
3 266 45 280
2 75 253
4 149 167 153 245
4 154 211 179 224
3 276 287 124
4 40 52 219 190
2 36 136
4 142 26 98 233
4 130 60 203 54
3 100 112 173
2 25 121
3 45 212 280
4 117 259 147 34
240
4 101 103 69 82
5 70 18 193 58 35
4 19 175 219 127
3 59 149 203
3 68 227 200
3 39 12 234
4 60 9 190 135
2 180 139
2 7 186
3 16 51 37
4 198 236 97 130
5 45 137 84 39 6
3 44 55 198
3 224 71 31
5 129 42 222 47 108
3 96 181 10
3 145 161 162
5 170 234 58 70 2
3 35 193 3
4 108 148 28 237
4 199 134 119 79
3 49 218 204
3 95 117 77
3 76 213 104
3 150 31 71
3 118 107 139
4 215 43 53 208
3 222 237 20
3 73 180 65
3 191 221 154
3 25 14 172
4 149 112 138 173
4 55 44 93 198
4 177 235 56 61
5 58 2 19 193 87
3 153 81 123
4 10 102 239 188
2 135 129
4 137 6 12 84
2 109 78
3 100 197 189
4 186 47 129 15
5 27 53 218 208 49
3 128 13 33
2 113 12
4 220 210 216 145
3 42 108 15
3 126 132 136
4 208 43 22 231
3 123 235 75
3 181 102 10
3 240 151 111
4 110 208 27 43
3 188 126 228
3 169 33 13
4 34 72 124 61
5 230 80 74 179 156
4 18 70 35 2
3 161 4 143
3 69 82 7
4 72 34 76 56
4 88 207 220 210
4 227 68 217 200
2 151 157
4 67 118 29 180
4 207 88 210 220
3 204 65 73
3 114 5 63
2 1 60
4 234 2 18 58
3 14 25 185
3 235 61 56
3 223 29 67
4 57 158 156 113
4 166 177 50 235
2 61 24
3 23 183 131
5 40 214 94 163 147
5 184 21 191 119 86
4 178 179 230 57
3 200 141 36
4 85 1 160 60
4 228 126 136 132
4 12 39 170 234
2 103 82
4 119 79 154 191
3 193 35 219
5 94 147 62 207 66
2 106 165
3 122 131 183
5 159 194 169 201 128
5 99 212 105 233 211
2 33 97
2 78 88
4 152 23 117 122
2 139 16
4 93 130 11 236
4 133 229 157 121
4 125 92 212 233
3 176 41 189
4 105 211 1 103
3 51 188 37
5 211 105 85 101 1
4 124 167 24 213
4 92 233 101 103
3 112 173 89
3 26 181 139
4 47 15 20 222
2 197 40
3 183 53 215
3 155 52 133
3 32 138 106
3 156 74 45
4 120 68 144 227
3 229 121 117
4 136 140 209 187
5 115 152 122 95 23
2 65 26
5 21 184 86 79 191
2 144 114
5 157 98 152 229 115
3 117 95 90
2 36 50
2 56 104
4 171 99 165 212
3 54 48 83
3 219 3 159
3 201 91 44
4 38 186 15 42
4 97 11 226 202
3 90 77 215
4 48 83 209 136
3 111 98 157
4 148 237 184 21
3 190 7 38
5 83 48 116 132 209
3 158 39 12
5 195 149 173 32 112
4 8 26 96 107
4 116 209 224 150
2 81 166
2 189 206
3 162 203 59
3 120 227 114
4 210 220 17 46
3 238 182 155
4 163 78 207 88
4 20 134 237 199
5 4 203 32 195 138
4 187 140 25 224
3 52 155 64
3 121 95 117
2 217 36
4 86 191 178 30
4 146 240 111 151
5 179 57 113 74 158
4 64 133 121 98
3 74 156 137
3 127 91 194
2 82 190
4 17 216 59 162
4 216 17 143 161
3 214 147 78
3 202 238 196
3 89 212 125
2 141 75
3 104 225 213
2 205 189
3 91 201 55
2 84 18
2 232 125
2 31 192
4 138 32 232 106
3 213 176 205
3 3 219 194
3 174 225 100
2 75 34
3 154 80 230
4 80 230 156 57
3 29 65 8
3 107 51 16
4 196 240 238 146
4 77 90 110 215
4 134 199 79 119
2 71 192
3 9 42 129
4 209 116 150 224
3 102 54 37
5 168 100 142 41 197
3 160 135 7
5 79 119 30 86 154
2 172 185
4 2 87 35 19
4 175 201 159 91
3 203 138 149
5 226 202 182 164 238
3 41 189 109
3 13 33 11
4 237 148 21 184
3 5 63 81
4 194 128 91 169
5 236 130 164 226 196
4 143 195 4 149
4 22 231 67 223
3 225 174 168
2 142 214
4 147 66 88 62
4 53 27 49 43
5 132 136 187 116 140
5 66 62 145 220 46
4 233 92 103 101
5 165 125 233 99 92
4 24 104 174 167
3 206 163 78
4 131 183 27 110
3 46 162 161
2 63 153
3 43 231 22
4 87 127 3 175
5 62 66 46 210 145
2 30 230
3 15 28 108
3 231 73 204
4 140 187 14 150
3 167 205 176
3 130 196 202
4 144 114 63 5
3 239 54 83
3 98 115 121
5 221 178 57 80 179
4 218 49 223 204
2 173 171
5 212 99 211 92 105
4 6 84 70 18
4 50 75 72 34
3 11 97 202
5 28 20 199 148 134
5 164 196 146 182 240
2 37 228
4 182 238 52 155
264
3 179 78 250
5 103 195 101 60 114
4 62 240 132 7
4 95 127 219 203
2 197 32
5 148 37 177 34 259
5 155 3 65 132 181
4 26 223 52 205
4 105 69 255 41
5 169 202 153 192 96
3 63 95 127
4 125 82 207 46
4 145 222 199 79
5 198 228 211 86 264
3 224 178 74
4 107 238 196 100
3 53 36 45
3 171 258 25
5 183 249 137 225 138
3 109 246 115
3 124 147 29
3 236 135 117
4 252 77 112 126
5 157 72 238 191 107
4 199 63 18 258
3 117 8 135
4 69 105 41 255
4 185 224 184 113
4 116 124 84 21
3 260 245 142
3 76 123 251
4 5 118 99 120
3 242 172 144
5 37 148 259 6 177
3 47 40 61
4 17 133 234 235
5 110 220 34 148 6
3 172 252 144
5 71 55 222 213 145
4 35 61 62 190
3 27 9 233
5 234 235 260 214 89
3 263 141 168
3 114 169 149
3 133 17 235
4 82 134 12 207
4 51 233 35 94
3 90 160 81
2 58 81
5 137 138 76 163 253
3 255 47 233
3 135 205 8
2 17 133
3 168 131 119
3 230 213 39
4 244 167 90 58
4 207 257 227 165
4 167 49 56 90
3 173 230 92
4 195 103 114 2
4 94 190 35 40
3 40 3 240
4 25 11 258 104
4 241 83 150 66
4 7 132 88 218
5 150 64 103 83 195
3 139 180 193
3 170 206 108
4 204 27 105 9
2 91 161
3 92 39 213
5 174 73 191 157 24
5 176 151 157 174 72
3 98 15 141
3 97 173 92
2 50 31
2 23 204
4 159 85 179 1
4 222 171 13 199
3 254 151 216
3 49 91 48
5 147 84 46 125 12
3 64 195 66
4 29 125 147 82
2 78 186
3 228 264 14
3 209 237 106
3 65 181 232
4 214 42 248 260
3 56 58 48
2 81 70
4 75 59 71 230
4 262 122 102 166
3 233 61 47
4 11 104 4 127
4 192 10 185 221
4 201 194 75 173
3 113 224 74
4 243 120 32 118
4 210 16 188 159
2 2 149
4 206 166 93 122
3 66 2 60
4 258 63 127 95
4 229 9 69 27
3 87 228 198
5 191 24 16 238 210
3 261 262 68
4 164 247 20 246
4 140 129 37 220
4 226 175 139 256
3 144 126 23
3 184 28 98
4 60 2 44 149
2 146 20
4 136 119 29 124
5 200 236 26 22 135
3 32 99 128
5 54 187 124 136 116
3 99 32 254
3 142 167 154
4 93 102 183 249
5 31 239 236 251 200
4 119 21 116 29
3 84 12 82
4 112 23 229 204
5 104 11 203 95 4
2 118 216
4 180 220 140 110
3 141 131 168
3 130 187 54
5 3 155 181 7 65
3 53 45 36
3 46 227 207
4 22 117 52 26
3 187 116 119
4 19 50 138 163
5 225 19 163 137 50
3 111 67 162
4 193 180 110 129
5 74 178 130 263 43
4 248 30 121 245
4 250 186 158 152
3 33 38 112
3 213 39 13
2 246 115
3 21 82 84
4 220 6 37 34
4 101 114 202 44
3 232 66 64
4 80 216 174 73
4 215 143 237 158
3 10 221 185
4 245 244 121 167
3 240 7 132
3 264 211 172
5 73 174 24 72 191
5 143 215 209 152 237
3 196 100 78
2 48 217
3 70 217 243
3 231 139 193
4 138 137 253 50
5 223 205 109 247 246
4 227 57 226 257
3 102 93 249
5 121 154 58 244 56
3 43 130 54
4 44 10 202 192
3 219 68 261
2 79 18
4 156 38 242 33
5 194 201 59 97 75
4 151 72 73 157
4 257 256 226 111
2 216 73
4 6 34 201 194
3 15 263 141
3 188 1 78
3 67 129 140
4 132 7 218 88
2 237 212
3 122 19 249
4 221 113 28 224
3 96 153 28
3 85 215 143
3 131 136 119
3 100 196 179
3 203 261 219
3 61 240 40
4 72 157 107 24
4 202 169 96 10
3 162 67 140
4 259 177 173 97
4 83 66 60 2
3 16 159 188
2 217 5
3 212 106 14
3 13 79 25
3 251 123 117
3 177 97 173
4 149 192 169 10
3 127 189 4
4 77 126 69 229
5 52 8 247 223 164
3 68 102 262
4 12 46 57 134
3 211 264 242
2 158 87
3 238 107 100
3 14 208 156
2 182 198
5 55 71 145 39 222
4 235 89 42 260
4 186 250 152 158
4 128 176 80 151
3 160 197 161
4 181 65 241 232
3 4 170 189
4 129 148 110 37
3 153 96 184
4 39 213 79 13
4 8 164 205 247
4 28 184 15 98
3 249 138 19
3 165 111 175
3 134 165 57
3 106 86 14
3 126 105 204
3 59 55 92
2 256 162
4 88 218 150 241
5 41 255 94 51 47
3 36 42 235
5 45 36 214 234 42
3 123 22 117
4 152 158 182 87
4 24 210 107 16
3 253 251 123
4 190 155 62 3
3 218 64 232
3 208 33 172
2 161 99
3 154 56 167
4 30 248 154 142
5 247 164 146 109 20
5 205 223 246 164 109
4 89 260 142 245
5 166 122 225 183 19
3 1 143 215
4 239 31 200 123
2 38 23
3 163 50 239
2 120 80
4 9 27 51 233
3 175 231 111
3 57 175 165
4 18 25 104 63
3 34 6 194
5 42 214 30 89 248
3 189 108 170
3 108 93 206
3 178 43 141
4 86 14 156 208
178
3 64 33 172
3 44 125 137
4 6 78 59 141
4 17 138 95 77
2 91 156
2 110 3
5 146 85 36 15 53
2 170 42
4 80 73 17 169
4 136 30 39 112
5 12 40 134 29 48
3 165 11 40
4 60 109 56 35
3 87 65 160
5 85 146 53 7 36
3 94 75 34
4 9 169 4 122
4 88 24 61 115
2 28 88
3 140 123 174
4 75 34 102 74
3 56 106 165
3 120 66 116
3 52 139 18
4 171 69 158 131
4 141 78 85 146
3 37 41 148
2 172 19
3 40 48 11
4 128 157 76 10
3 103 108 110
4 173 175 50 140
4 178 176 67 1
4 137 16 74 21
4 109 60 106 13
4 7 15 163 99
4 95 77 27 148
4 89 167 80 113
3 10 76 161
5 130 165 29 12 11
5 27 148 157 111 128
4 8 83 105 47
5 156 154 55 84 177
4 118 86 2 94
4 145 57 127 124
3 47 51 105
3 83 46 42
4 29 11 118 86
4 159 120 116 66
5 160 173 140 32 175
4 46 105 71 117
3 144 24 88
4 15 7 99 163
4 106 56 130 165
4 43 84 96 177
4 13 22 106 54
3 45 127 176
4 129 89 79 167
3 68 141 3
4 104 152 13 35
3 18 139 155
2 123 126
3 65 87 173
3 176 1 67
5 100 166 63 87 14
3 23 49 150
3 33 64 72
2 132 59
4 153 93 171 25
4 71 119 151 107
4 51 147 70 117
2 67 144
4 113 169 80 9
3 34 143 21
2 16 21
3 30 112 39
4 122 4 98 37
4 3 149 141 26
5 168 129 167 58 89
5 38 113 9 73 169
2 116 97
4 131 158 120 159
3 162 47 42
4 154 177 43 55
4 26 15 146 7
4 134 48 125 44
5 166 100 14 65 63
4 19 52 18 139
4 58 79 38 113
3 99 133 91
4 163 5 90 133
3 143 171 153
3 69 131 158
4 125 44 16 137
2 4 37
5 55 177 129 135 168
4 81 150 170 101
2 77 148
4 53 36 90 163
4 119 107 65 87
4 150 162 97 170
2 21 153
5 155 114 31 108 164
4 161 142 60 109
4 42 147 46 51
4 35 54 56 22
4 151 70 166 100
4 114 164 103 31
4 152 104 35 13
4 31 164 6 132
4 148 128 41 157
3 76 10 142
5 167 89 73 38 80
3 115 108 103
4 139 18 114 155
4 49 23 81 150
4 147 51 151 71
3 48 44 125
3 70 100 166
4 82 23 159 49
3 158 131 159
3 138 17 77
4 20 174 126 62
3 127 45 178
4 86 118 94 2
3 174 123 62
4 145 124 45 57
4 111 41 30 157
5 96 135 58 168 79
3 54 40 165
5 93 25 82 158 121
3 164 68 110
3 90 91 154
2 11 86
4 177 168 96 129
2 157 10
3 2 94 34
3 169 122 4
4 24 88 115 61
5 50 32 20 175 174
5 59 3 26 78 149
3 112 152 104
2 74 92
2 72 52
2 127 45
5 149 26 7 85 15
3 105 117 71
5 98 37 111 27 41
3 78 141 146
4 66 116 101 97
3 117 107 70
3 142 109 60
3 102 69 92
4 133 84 156 43
3 61 115 103
3 5 43 154
5 41 111 136 128 30
5 25 93 121 131 82
4 121 82 49 120
3 14 50 173
2 39 104
3 101 83 170
4 36 53 91 99
4 108 103 132 110
5 22 54 12 130 40
4 107 119 87 65
4 79 58 113 38
4 135 96 79 129
5 73 80 138 9 17
4 97 101 8 162
3 92 25 69
2 1 28
4 63 32 160 50
5 175 140 126 20 123
4 32 50 174 140
3 57 64 33
5 84 43 135 55 96
2 124 33
190
3 158 97 6
4 176 154 143 66
2 144 31
4 77 38 61 65
4 152 69 7 178
3 131 90 1
3 5 178 155
4 43 29 100 87
3 129 166 68
4 161 67 18 124
4 47 112 169 141
4 145 33 138 157
3 181 17 21
3 188 92 183
4 164 38 130 77
2 127 159
4 19 81 56 13
3 10 148 147
3 147 148 17
4 135 149 118 46
3 13 121 162
3 140 55 73
3 134 109 91
3 74 60 89
4 44 118 137 122
3 109 144 91
5 48 31 161 62 67
5 128 167 59 83 111
5 163 113 146 43 8
3 125 179 167
5 3 37 62 48 27
2 89 125
5 104 110 105 145 12
3 120 76 88
3 112 47 141
4 103 163 93 113
3 91 48 31
5 15 130 151 77 4
4 107 140 73 55
3 183 52 92
3 72 103 190
2 180 133
4 113 8 29 146
3 46 25 122
2 87 183
3 149 44 20
4 53 11 112 35
4 37 27 31 62
3 116 189 71
2 170 53
4 99 109 63 134
3 40 177 170
3 50 47 112
2 79 182
4 22 39 158 73
3 17 181 75
3 166 129 64
4 111 86 119 95
2 28 119
5 155 186 114 74 24
4 4 156 65 96
5 31 48 67 27 161
4 139 134 51 109
3 57 84 68
5 151 4 96 61 156
4 143 2 135 149
4 62 27 124 10
4 9 164 64 84
5 70 153 178 152 5
5 102 137 69 153 152
4 98 49 85 120
3 184 127 41
4 39 22 131 55
4 186 24 60 114
2 56 162
3 34 88 143
5 130 15 4 38 151
2 177 112
2 138 54
4 108 136 133 116
3 148 181 17
3 179 128 167
3 167 111 28
3 64 68 130
4 71 189 88 120
4 58 119 132 168
3 146 8 45
4 85 176 34 76
2 24 32
3 6 150 97
4 23 26 37 144
3 14 170 40
3 190 113 36
3 178 186 155
4 119 58 168 132
4 65 61 101 172
4 1 175 90 150
3 136 116 71
3 101 51 139
3 8 146 188
4 96 156 99 172
3 122 70 153
3 41 159 36
4 165 142 33 110
3 33 145 157
4 160 115 140 171
2 171 39
3 180 80 133
4 51 63 26 23
4 142 145 104 33
3 83 28 58
5 78 53 35 47 11
5 93 36 43 163 29
3 60 74 173
4 121 171 160 106
5 133 80 49 136 98
4 169 141 165 142
3 20 122 25
4 59 95 58 86
4 189 71 34 85
4 21 115 162 160
4 118 44 102 25
2 124 147
3 67 123 10
4 32 126 30 179
3 173 179 125
5 174 185 16 184 72
3 82 28 167
4 168 132 9 57
5 84 164 77 15 38
3 73 6 158
4 86 95 166 129
5 42 108 116 80 136
3 63 51 23
3 66 20 149
4 80 133 98 116
3 25 153 70
4 12 79 157 182
3 172 63 99
4 106 171 22 39
4 35 11 187 117
5 187 117 110 165 104
4 76 176 66 2
3 26 3 91
4 110 12 33 105
4 29 43 87 100
3 123 18 19
3 18 81 19
5 154 66 46 135 20
3 90 97 185
3 38 77 65
4 153 70 5 69
5 137 102 152 70 69
2 2 149
4 7 94 60 186
4 61 65 172 101
4 105 12 182 138
3 55 1 131
3 16 190 103
5 162 121 106 115 171
3 27 62 10
4 75 21 160 121
3 36 29 113
3 68 15 130
3 117 104 142
4 132 168 57 9
5 30 82 83 128 28
4 95 86 129 166
3 11 117 187
3 92 50 52
5 115 160 107 106 140
4 156 96 139 101
2 114 126
3 175 127 185
3 97 174 185
3 88 2 143
2 52 78
4 69 94 5 7
4 126 82 125 30
2 42 108
3 81 13 56
3 157 138 54
3 45 40 14
3 185 72 127
5 150 175 184 174 127
4 94 74 155 60
3 141 169 142
2 100 14
3 49 120 85
3 159 41 93
212
2 34 207
4 80 13 86 17
3 54 85 52
3 96 38 22
5 158 57 179 199 39
5 97 36 7 51 84
3 6 76 123
4 56 180 77 10
5 151 198 134 210 162
5 180 56 122 8 77
4 211 105 212 69
3 20 100 197
4 109 38 114 2
4 27 175 66 186
3 204 30 165
2 203 57
4 114 2 43 81
3 95 52 85
4 132 133 161 82
3 21 12 188
3 154 20 188
5 171 96 109 4 38
2 70 195
3 48 208 28
3 106 71 172
3 40 63 32
2 157 14
4 164 24 93 41
3 194 101 34
4 133 82 130 15
3 99 53 172
4 26 182 50 67
5 166 165 103 190 176
3 135 29 1
2 179 135
5 202 160 51 97 6
2 115 181
4 4 22 80 13
4 199 5 194 179
3 42 177 26
3 208 28 73
3 205 40 63
4 17 155 81 112
4 163 136 62 193
3 137 206 164
3 131 60 181
3 167 92 147
2 206 24
2 122 137
4 89 67 32 182
3 36 84 6
5 18 3 140 85 154
5 31 172 115 200 131
4 66 201 3 95
2 75 146
3 59 8 10
4 16 147 199 5
4 107 88 187 145
4 185 174 56 180
3 46 153 181
4 128 75 90 120
4 111 193 44 136
4 177 42 89 26
3 120 148 146
3 159 124 195
4 14 186 54 95
4 50 32 156 182
3 143 102 113
5 105 211 178 11 212
2 23 159
3 134 99 25
4 207 139 142 94
3 41 211 105
3 125 117 189
4 61 90 55 120
5 7 84 205 123 196
4 8 10 170 122
4 117 171 121 96
2 189 121
3 38 109 2
5 86 17 112 43 155
4 161 19 204 30
4 103 176 127 128
4 51 6 123 76
4 3 18 154 52
3 2 114 81
3 178 202 168
5 150 110 145 107 58
2 63 50
4 127 120 61 75
2 183 184
5 102 169 203 167 47
2 28 108
2 72 142
4 201 66 18 54
5 121 78 4 171 22
3 160 6 36
5 184 141 192 149 143
2 71 31
2 12 125
3 29 135 144
3 68 113 92
4 33 190 83 152
2 140 188
5 108 73 69 211 11
3 162 134 25
5 110 150 58 88 145
2 93 105
3 22 13 80
4 138 153 107 88
3 155 62 163
3 81 43 163
5 192 143 169 68 102
3 13 17 86
4 53 200 37 131
3 197 209 125
3 74 189 78
3 182 183 129
4 129 183 141 184
4 90 61 64 75
4 79 96 78 171
4 10 49 77 170
5 84 7 196 76 205
2 65 157
3 100 116 74
2 191 175
3 83 90 128
4 152 83 61 127
4 156 118 119 183
3 30 166 165
4 200 53 46 115
3 145 19 161
4 19 161 30 204
3 9 71 106
4 35 194 34 101
3 44 62 151
2 49 45
3 181 110 150
4 144 142 207 72
2 52 104
4 119 149 184 98
3 139 72 94
4 149 98 68 113
2 101 139
5 88 107 132 58 187
5 55 64 185 148 174
4 47 203 158 57
3 64 174 146
5 141 184 143 98 192
4 153 138 88 107
3 136 9 198
3 176 103 128
4 60 181 150 110
3 85 52 21
4 43 81 111 163
2 67 129
4 124 191 27 175
3 147 5 199
2 70 65
3 168 97 36
5 187 132 82 19 133
3 210 9 106
4 112 155 44 111
3 45 28 208
4 15 130 190 33
2 130 33
3 169 47 92
4 212 178 160 87
3 113 167 92
3 77 122 206
4 78 121 22 96
4 25 200 31 53
2 174 180
5 148 146 173 185 59
4 126 157 186 14
4 190 33 152 83
4 196 205 63 40
4 69 87 212 168
4 5 35 39 194
4 173 59 10 8
5 37 46 138 60 153
4 32 50 118 67
4 118 91 129 119
5 91 119 98 141 149
3 146 59 174
4 175 201 14 66
3 58 145 161
4 104 21 197 20
4 209 79 74 117
4 165 176 33 103
3 195 126 157
3 98 149 113
3 62 44 198
4 39 179 29 135
3 23 191 65
3 123 76 177
3 188 116 12
4 193 210 151 9
4 57 158 39 5
4 172 131 53 115
3 186 95 54
2 87 36
3 92 16 147
3 82 133 15
4 76 123 42 177
3 170 48 45
3 1 72 139
3 24 164 41
2 116 189
3 198 162 9
4 73 11 105 69
4 11 69 168 178
96
4 2 14 55 72
3 81 1 96
2 66 35
5 87 70 21 42 24
4 78 90 83 31
2 43 29
2 13 83
4 30 68 12 88
3 25 45 77
3 44 57 52
3 37 40 14
4 8 88 78 13
3 88 7 12
4 11 81 96 1
3 60 36 29
5 59 89 54 20 95
2 31 73
5 21 24 22 85 43
5 45 77 93 64 74
4 89 59 95 16
2 4 18
3 18 85 60
3 80 63 34
4 42 4 85 18
5 54 95 9 49 47
2 90 41
4 58 79 65 69
3 72 34 80
3 6 61 15
3 46 8 88
3 83 5 17
4 71 94 53 39
4 56 86 65 58
5 28 80 67 23 63
2 48 3
4 15 94 61 71
4 93 11 40 81
2 59 89
4 94 66 32 53
4 74 81 37 11
3 26 87 70
3 70 24 4
3 85 18 6
3 91 10 52
4 9 47 19 64
4 51 62 30 68
4 49 25 77 45
3 53 66 35
3 95 47 25
3 69 84 91
4 82 57 46 62
4 84 44 82 10
3 32 39 48
2 16 25
2 1 80
4 92 76 33 58
4 10 62 82 51
5 86 56 27 33 65
4 38 16 89 20
2 22 15
3 29 71 36
4 57 75 51 46
4 23 34 92 67
5 77 45 74 19 93
5 33 58 69 27 79
3 39 3 48
4 34 76 63 92
4 75 46 88 8
5 65 27 50 79 91
4 73 41 42 4
4 61 36 32 94
4 96 1 28 80
2 17 70
4 64 19 40 93
2 62 68
3 67 86 56
4 47 9 64 19
2 12 5
4 27 65 91 69
5 55 72 23 28 34
4 40 37 2 14
3 52 51 57
3 7 31 5
2 50 52
4 24 43 18 22
3 76 58 33
2 41 4
5 68 30 13 8 12
4 38 20 59 16
2 5 26
4 79 69 44 50
3 63 67 56
4 19 64 37 74
4 36 39 71 32
4 20 16 49 25
3 14 2 72
206
3 11 123 84
2 204 51
3 65 95 58
4 134 27 162 205
4 146 117 10 121
4 64 29 203 45
3 133 99 169
5 40 18 64 187 66
4 56 103 89 167
5 5 121 31 14 181
4 167 1 105 84
4 51 82 19 194
5 68 81 193 135 204
3 121 181 10
3 111 102 56
4 139 128 136 143
3 124 23 92
3 157 187 8
3 12 63 75
3 125 30 151
2 78 182
5 75 63 132 197 195
5 17 196 158 92 173
3 76 57 166
3 54 176 77
2 115 138
3 31 201 4
5 93 138 76 46 57
4 6 203 114 45
4 20 141 186 151
3 10 27 181
3 152 60 182
2 120 42
4 177 160 139 98
3 198 42 168
4 114 164 94 67
4 86 120 198 42
4 155 180 40 157
3 183 61 191
2 38 8
2 143 91
5 33 37 83 198 35
2 55 202
2 200 111
5 203 6 164 29 114
3 138 57 28
3 126 70 74
3 162 170 72
3 84 175 123
2 88 74
4 2 12 82 161
4 178 53 177 96
4 116 77 96 52
3 166 25 176
3 72 43 170
3 140 15 9
4 46 28 108 24
4 3 97 73 171
2 193 82
3 32 144 106
4 39 90 206 191
5 91 156 65 163 95
4 19 197 75 22
4 8 187 6 203
4 62 163 3 97
3 187 8 203
4 130 36 88 126
3 175 118 13
4 100 152 202 78
2 47 174
3 176 116 77
4 205 55 48 170
3 58 188 146
3 50 47 104
4 194 19 22 63
3 28 24 108
5 25 71 178 116 53
4 202 69 21 152
5 145 122 137 80 183
4 122 183 79 137
3 118 135 13
4 59 161 51 12
3 42 198 154
5 105 11 49 1 123
2 106 120
2 165 37
3 206 133 107
2 67 50
3 102 167 9
3 137 191 61
5 41 153 62 156 163
5 196 17 173 23 158
3 129 28 138
2 36 126
4 163 62 97 3
4 53 160 52 177
4 95 65 188 58
5 160 177 128 34 139
3 107 200 7
3 170 69 202
4 186 110 190 127
2 15 89
3 9 105 167
3 74 159 174
4 103 167 84 11
4 182 60 85 144
4 172 99 87 133
3 57 76 150
5 149 179 119 148 113
3 151 127 101
5 44 169 15 147 140
2 125 199
4 148 109 131 119
3 29 45 36
4 174 26 159 129
4 71 53 77 178
4 171 121 146 5
4 123 81 175 68
5 109 148 184 113 131
4 85 165 33 37
4 117 14 5 10
5 154 168 80 145 79
4 1 84 118 49
4 132 195 17 189
3 112 20 199
3 94 67 47
3 110 142 101
4 98 185 139 16
4 159 115 93 138
2 164 67
4 113 119 184 192
3 22 124 189
4 87 107 7 200
2 181 4
3 81 204 13
3 16 153 143
3 79 80 90
5 26 129 46 93 28
5 34 98 16 128 185
3 147 111 56
3 199 151 30
3 127 155 180
5 185 16 41 136 153
3 60 165 106
4 168 154 79 122
4 73 171 5 117
3 169 140 111
4 179 113 109 119
3 173 158 109
2 108 176
4 141 20 110 30
3 69 32 78
4 136 143 156 91
3 83 122 145
3 142 38 180
4 153 163 91 62
3 180 18 38
5 23 92 179 173 149
3 104 129 115
4 96 98 177 34
3 82 51 194
3 4 48 205
5 156 91 95 62 65
3 45 130 36
3 144 86 120
2 24 54
5 89 9 11 103 105
3 35 145 122
4 7 200 147 111
4 48 72 100 55
4 188 58 117 146
3 191 107 206
5 92 23 149 158 179
3 70 115 104
3 49 68 118
4 150 71 54 25
5 52 96 34 160 98
3 77 116 52
4 158 173 148 109
5 190 142 157 155 38
4 14 10 134 31
3 21 32 106
3 80 79 39
3 119 131 192
3 128 139 143
2 30 101
4 18 66 8 64
3 97 171 73
4 195 132 196 124
2 101 180
4 90 39 172 61
2 184 131
2 13 59
3 161 12 75
4 197 22 189 124
3 189 92 23
3 63 195 22
4 37 35 42 83
3 112 141 125
4 99 133 44 169
2 27 205
4 43 100 78 69
5 66 64 45 6 29
3 135 13 2
4 201 4 72 162
3 61 87 172
216
3 49 170 101
2 40 39
3 169 139 53
2 17 173
4 211 70 56 71
3 194 199 46
4 136 13 23 144
3 165 65 173
2 151 143
3 93 133 131
4 26 72 55 196
3 36 171 177
4 213 139 144 7
4 96 167 106 114
3 166 107 174
3 112 20 21
3 181 84 4
3 160 33 124
2 35 128
4 16 21 159 54
4 88 202 16 20
3 209 184 174
3 7 51 117
4 77 121 36 171
4 175 91 113 168
4 210 11 72 196
2 209 184
3 99 175 188
2 189 146
3 42 164 191
2 60 37
3 203 57 204
4 18 124 85 41
4 121 77 171 36
4 152 19 130 179
4 24 34 12 171
2 31 72
2 63 123
3 2 195 95
4 125 86 2 195
3 207 33 154
5 141 90 30 198 191
3 87 158 116
3 168 169 214
3 195 96 95
4 6 205 119 147
2 157 210
3 100 81 84
3 98 178 1
3 177 189 148
2 23 186
4 185 61 68 83
3 214 213 3
3 202 20 163
3 11 75 137
4 97 71 5 70
5 145 182 109 203 32
4 105 126 97 187
4 193 98 216 178
2 69 31
5 133 172 83 185 52
3 134 141 90
3 162 38 103
4 183 69 94 89
3 8 194 199
4 204 156 212 122
3 197 128 138
4 52 83 200 162
4 64 94 60 157
4 5 56 77 71
5 56 5 121 70 77
4 37 196 26 11
3 180 201 183
3 86 125 195
3 55 130 152
3 153 86 125
4 70 71 24 34
4 205 147 215 190
3 80 126 105
2 190 79
4 167 114 100 48
3 174 135 107
5 61 185 162 52 68
4 48 108 165 17
2 33 206
4 76 74 125 40
5 192 163 43 118 116
2 154 21
3 94 64 157
5 146 62 198 141 42
3 188 168 25
3 111 153 125
4 155 212 10 102
4 201 89 64 69
4 39 45 106 96
3 45 14 95
4 58 187 56 211
2 59 49
3 116 28 188
3 114 48 81
2 1 170
4 212 155 131 93
3 200 63 120
4 142 149 216 193
5 127 79 58 126 187
4 95 114 14 167
5 15 174 180 82 135
2 181 84
3 57 203 156
3 132 124 160
3 123 92 153
2 206 16
3 25 168 214
5 106 14 100 167 81
2 178 170
5 118 87 99 43 158
3 176 23 129
4 163 192 116 87
4 150 147 46 205
2 103 153
3 71 34 24
5 156 204 155 66 212
3 38 111 153
4 110 207 18 33
5 92 76 40 86 74
5 79 127 187 105 58
3 215 105 126
3 19 208 67
4 117 149 186 142
4 75 152 179 35
3 102 172 10
3 191 110 160
3 10 61 172
2 148 62
3 82 107 161
4 139 213 7 144
3 196 152 55
4 67 208 145 140
3 3 136 13
3 208 182 138
3 62 42 90
4 186 129 104 149
2 9 148
4 13 136 176 7
2 138 57
2 29 90
4 119 46 190 78
4 143 50 134 189
5 129 186 193 142 104
2 199 119
3 171 9 177
4 137 35 75 130
5 120 123 76 111 92
2 41 88
4 122 93 212 102
3 109 122 66
3 89 69 47
3 43 116 188
4 20 202 192 163
4 164 132 18 110
2 135 183
3 83 63 68
4 54 159 118 87
2 30 160
2 84 8
3 184 15 174
4 14 106 81 114
4 91 44 25 113
3 44 3 214
3 115 1 101
5 34 24 151 36 12
4 131 185 133 61
4 4 8 199 194
5 22 166 82 15 107
3 28 188 25
2 144 117
3 12 151 50
4 216 59 115 49
3 130 35 197
2 107 73
2 108 17
3 140 203 57
3 161 73 64
4 27 166 209 22
4 172 52 61 83
4 51 142 129 149
5 126 105 211 58 97
5 158 99 91 28 175
3 50 29 148
3 147 80 78
4 198 42 132 30
3 159 87 118
3 149 59 104
3 65 173 6
4 74 40 45 39
4 72 26 137 11
3 179 67 208
3 90 191 42
4 173 65 150 6
2 68 103
2 73 94
3 21 54 159
4 182 32 57 109
3 32 66 122
3 46 119 78
2 85 112
2 124 41
4 128 197 140 138
3 27 22 184
2 47 26
3 187 5 97
5 66 122 102 155 93
3 53 13 136
4 113 44 53 169
2 78 127
3 104 178 59
96
3 10 62 18
3 58 32 45
4 69 37 40 79
3 16 26 12
3 63 52 55
4 55 43 52 28
3 25 27 17
3 77 47 94
4 21 31 50 33
4 38 1 74 18
3 13 55 63
4 32 14 4 26
2 63 11
3 12 68 26
3 51 86 61
2 45 4
3 53 7 84
4 74 10 93 1
2 20 53
3 79 37 19
2 92 9
3 80 48 81
4 44 72 65 36
4 42 70 89 77
3 75 7 53
4 4 12 56 14
2 7 54
3 52 6 58
4 82 95 78 88
2 88 92
3 76 71 9
2 2 12
5 71 9 67 50 73
3 47 40 69
4 87 66 72 44
2 23 65
3 3 75 20
5 46 48 10 85 74
3 96 59 86
3 34 79 3
4 93 62 96 57
3 67 73 24
2 6 90
4 91 35 23 72
4 90 58 16 2
3 81 38 48
5 8 89 34 94 69
5 22 81 85 46 38
3 68 81 80
4 9 71 73 33
3 60 15 64
4 5 55 28 6
3 19 25 17
4 27 87 84 66
5 11 63 6 5 52
2 26 80
4 62 59 41 96
3 28 2 45
4 57 60 96 39
3 59 96 51
4 15 95 83 82
3 1 57 41
4 13 5 11 55
3 86 51 83
3 72 23 36
5 84 54 91 87 35
3 33 42 73
3 14 49 80
4 94 47 3 34
3 73 77 24
3 31 33 50
4 35 65 44 23
5 50 33 70 67 42
4 85 38 18 10
3 37 79 25
3 78 31 92
4 70 8 24 89
3 29 76 92
4 40 3 20 75
4 56 68 22 49
4 49 46 22 48
3 83 61 29
4 64 82 61 95
4 17 66 54 87
3 48 74 38
3 39 64 15
4 54 84 35 66
3 95 30 29
4 24 77 94 47
2 43 45
2 66 44
4 30 78 21 76
2 18 41
4 89 8 69 47
4 61 83 88 29
5 41 57 39 59 60
46
3 31 35 34
4 19 25 32 11
4 46 8 12 39
2 20 10
5 15 16 24 21 45
2 22 18
3 8 46 39
5 42 33 7 46 3
4 23 31 34 35
3 4 27 18
4 32 2 37 36
4 3 20 39 22
2 44 32
3 28 43 19
3 38 17 5
4 17 38 21 5
3 29 16 15
3 6 26 10
3 14 2 32
4 12 39 4 22
4 16 45 5 24
4 39 12 6 20
4 36 37 9 31
3 5 21 30
3 2 36 37
3 18 28 43
2 10 43
3 26 14 44
2 38 17
2 24 33
5 37 36 1 23 9
4 13 19 11 2
4 30 46 42 8
3 9 1 40
3 1 9 40
5 25 11 23 37 31
5 11 25 31 36 23
3 29 15 16
5 7 3 22 12 20
2 35 34
2 45 42
3 41 8 33
4 27 26 44 14
3 43 28 13
3 21 5 41
4 33 3 8 7
132
3 16 71 28
4 60 73 56 101
2 63 126
3 53 83 109
4 65 107 54 24
3 110 58 79
2 57 28
4 58 107 72 65
3 12 34 25
3 94 30 130
4 51 19 47 123
3 20 9 13
3 34 12 92
3 91 122 110
3 64 82 105
3 70 106 1
4 27 86 45 81
3 95 96 88
4 117 116 123 11
3 93 12 115
4 23 47 40 119
2 44 98
4 123 21 47 128
4 107 65 32 5
3 9 85 89
2 49 69
2 82 17
3 7 1 90
3 86 81 45
2 61 10
4 104 77 36 118
3 24 74 54
4 66 125 35 120
3 115 13 9
4 33 78 120 94
4 31 91 129 122
3 49 113 69
4 40 119 77 121
3 102 59 44
4 21 128 38 121
4 85 89 75 52
3 124 64 126
3 48 62 132
5 87 102 22 39 59
5 17 29 70 81 106
4 74 63 97 124
4 11 128 23 21
4 67 130 43 68
2 37 26
4 109 95 83 103
4 116 117 11 123
3 55 41 99
4 112 4 127 109
4 5 114 32 74
4 89 85 52 75
4 73 60 2 101
3 106 70 7
5 6 79 8 108 72
3 39 44 93
4 76 2 73 56
2 30 67
3 130 68 43
3 46 97 3
3 42 15 84
4 72 8 5 24
4 131 33 125 78
3 61 48 130
4 62 48 76 132
4 26 37 87 102
3 45 16 57
3 1 112 90
4 108 58 65 8
5 132 76 56 60 2
5 32 54 46 114 97
4 41 55 111 99
3 68 60 73
4 38 121 118 31
4 125 66 120 35
5 100 110 108 6 58
2 122 100
4 29 17 106 45
4 15 27 105 86
3 4 103 50
3 126 64 105
5 25 92 41 89 55
4 105 82 29 17
2 69 44
4 103 131 18 96
5 92 25 55 85 41
4 28 71 127 112
4 36 129 14 122
3 13 89 85
2 59 20
3 120 35 10
3 50 18 103
3 18 88 125
5 114 74 124 46 63
2 22 115
4 52 75 117 116
3 80 79 110
2 2 56
4 113 69 39 44
4 83 50 88 95
2 121 31
4 84 15 86 82
4 81 45 57 16
3 8 24 5
3 79 72 58
4 127 53 50 4
4 14 6 100 79
2 75 116
4 71 53 90 127
2 37 102
3 54 97 74
3 98 34 20
4 111 99 51 19
3 99 19 51
3 77 129 31
4 128 21 121 38
4 78 33 94 35
5 119 40 104 38 77
5 129 36 80 91 14
4 19 51 23 11
3 97 46 42
5 96 131 78 66 33
3 3 42 84
4 90 112 109 53
4 47 23 119 40
4 118 122 36 91
4 10 62 67 48
3 88 66 125
3 43 68 73
84
4 67 15 30 83
3 54 29 22
2 41 61
4 73 58 39 65
4 75 20 14 12
3 24 34 45
2 58 65
3 70 47 49
2 63 59
3 38 62 26
4 27 76 68 71
3 14 5 47
3 42 44 19
3 75 12 5
4 64 32 67 1
4 44 19 78 41
5 77 81 54 28 29
4 34 24 38 45
4 37 13 44 16
3 5 70 47
4 62 63 43 59
3 2 40 55
5 72 80 69 84 46
3 48 6 18
2 30 80
4 45 38 63 10
2 43 11
5 81 77 29 17 54
4 28 17 79 2
2 1 25
3 66 67 64
3 15 67 83
3 39 34 48
4 33 48 18 6
3 55 52 40
3 47 70 60
3 52 19 44
3 18 10 26
2 4 33
4 22 42 35 52
3 3 16 78
3 40 13 52
3 21 27 59
4 13 37 16 19
3 6 18 26
3 84 23 51
4 12 20 36 8
4 65 24 33 34
3 8 74 82
2 69 77
3 46 69 81
4 35 40 37 42
3 71 57 68
4 17 28 2 79
3 79 35 22
2 83 72
3 53 64 66
4 82 7 73 4
4 9 21 76 43
3 36 82 74
2 3 78
3 10 21 63
4 26 9 62 21
4 57 15 31 67
3 7 4 48
3 68 31 57
5 31 64 1 15 32
3 11 66 53
3 23 50 51
3 20 8 36
3 76 53 11
3 56 23 84
3 74 4 58
3 49 60 73
2 5 14
3 59 71 11
4 50 17 81 28
3 16 41 61
3 29 54 55
3 25 84 23
4 51 28 77 17
3 60 49 58
3 32 1 56
4 80 72 46 23
56
4 30 7 12 31
2 34 13
2 39 13
4 9 45 38 55
2 36 40
5 10 27 52 14 54
3 11 21 1
3 28 15 53
3 18 4 42
3 16 6 27
3 20 49 7
4 1 21 29 31
2 3 2
3 27 54 6
3 8 24 48
4 37 44 10 27
4 31 26 29 19
3 22 9 40
5 29 17 41 26 23
4 51 11 49 43
4 7 30 31 12
4 50 36 18 40
3 26 19 34
5 15 53 56 48 25
3 48 24 37
4 17 23 19 41
5 46 16 14 10 6
3 32 8 33
3 12 19 17
3 43 1 21
4 21 1 17 12
2 28 35
3 35 28 53
4 23 41 2 39
2 32 33
4 54 52 5 22
3 25 16 44
4 4 42 51 55
3 41 3 34
4 5 22 45 18
4 19 26 39 34
4 45 9 55 38
3 49 20 30
4 56 46 37 16
3 40 42 4
2 44 27
3 55 49 51
4 53 15 25 24
4 47 43 20 11
3 52 54 22
3 38 20 47
3 6 50 36
4 33 8 48 24
4 14 6 36 50
4 42 4 47 38
2 24 44
60
2 19 12
3 39 35 43
2 22 35
2 49 17
4 25 22 39 35
4 56 29 23 27
4 34 53 25 22
2 28 54
4 58 57 44 55
3 51 34 53
2 45 59
2 48 1
3 30 54 33
2 24 53
2 38 57
4 18 60 19 48
2 4 59
3 36 16 60
3 16 48 1
1 58
3 43 37 40
4 47 7 3 5
3 56 27 6
3 41 50 14
2 7 5
3 33 31 49
4 23 6 41 50
2 37 8
3 6 50 41
3 40 13 54
4 42 45 33 26
3 52 60 36
3 13 26 31
4 10 7 53 47
5 3 5 46 39 2
5 44 52 18 32 60
4 46 28 43 21
2 59 15
3 5 2 35
2 21 30
4 27 29 24 50
2 54 31
4 2 46 21 37
2 9 36
3 31 11 49
3 35 37 43
3 53 34 22
4 60 12 16 19
4 26 45 4 59
5 29 27 51 41 24
2 50 10
3 55 32 36
5 14 10 47 34 7
4 8 42 30 13
4 57 58 52 9
2 6 23
4 15 55 58 9
4 20 9 57 55
4 11 49 38 17
5 32 36 48 18 16
286
3 127 139 166
3 186 257 153
3 80 76 275
4 194 105 182 84
3 90 207 197
3 129 70 259
4 17 236 57 69
3 96 64 172
4 86 131 102 221
3 28 87 248
3 66 231 157
4 154 114 251 65
5 64 25 215 118 108
2 57 95
3 184 81 247
2 169 191
4 224 7 236 69
4 88 167 219 94
5 212 178 281 77 122
4 179 119 120 75
4 65 173 49 106
4 210 137 177 256
3 151 264 97
3 97 195 252
3 172 118 13
4 246 171 253 278
4 157 266 132 71
4 244 10 164 248
3 51 150 187
2 220 88
3 94 206 214
3 143 267 103
3 132 249 169
5 73 54 185 89 56
3 195 252 60
2 80 232
4 268 207 52 96
5 199 48 273 134 40
5 128 242 201 226 63
3 134 38 230
2 272 59
2 74 270
2 124 140
4 214 58 170 147
4 176 137 107 210
4 159 104 47 283
4 46 283 251 154
4 148 87 134 38
3 114 106 21
4 103 267 136 218
3 281 122 29
2 37 172
2 156 204
4 116 123 89 34
4 255 216 194 105
4 89 34 282 276
2 7 14
4 44 279 147 225
3 41 97 264
4 35 91 145 146
2 198 187
3 183 129 259
4 226 39 241 188
4 8 172 13 118
4 251 12 21 114
4 258 130 11 231
3 237 245 261
3 252 195 145
4 236 17 138 7
2 6 175
4 135 27 169 132
4 109 111 235 209
2 123 34
4 75 120 42 229
5 174 20 74 120 229
4 3 275 81 243
3 178 122 19
3 167 214 206
4 250 270 272 101
3 36 3 275
3 76 200 15
4 160 142 237 211
3 146 91 162
5 110 4 285 182 117
2 218 181
4 163 190 9 238
4 10 248 199 48
3 30 18 219
4 54 56 34 185
3 233 5 125
4 60 145 262 83
3 227 153 277
3 241 129 183
4 219 18 31 167
2 14 149
4 205 37 8 172
3 59 23 24
3 259 216 255
4 137 210 256 177
3 223 181 265
4 213 79 151 272
4 238 221 9 131
5 161 32 50 267 218
5 277 274 283 159 46
5 269 55 110 194 4
4 49 21 113 176
4 113 176 210 45
4 118 13 217 215
2 228 72
3 105 194 84
4 196 228 126 72
3 181 144 265
4 106 173 107 176
4 12 251 49 65
3 166 163 190
2 280 54
3 182 84 139
4 25 64 108 13
5 221 131 174 179 20
4 20 229 75 74
2 155 222
4 77 19 198 51
3 141 73 54
2 284 43
3 189 197 90
3 111 209 235
3 285 1 139
2 256 39
4 93 6 183 62
4 225 231 258 66
4 9 102 179 119
3 27 33 71
3 247 189 193
4 48 40 38 273
2 266 71
3 50 223 181
4 45 99 210 22
2 69 156
5 117 285 155 127 1
2 43 219
2 209 123
5 271 217 211 160 82
3 273 32 161
4 112 178 265 212
4 68 146 60 91
4 145 60 83 262
4 170 44 225 58
3 248 48 199
3 95 260 204
3 29 263 187
2 101 23
2 229 250
5 2 208 234 227 92
4 283 12 47 251
3 139 121 166
2 138 53
2 11 27
1 244
4 274 277 46 104
5 217 271 82 142 211
3 230 143 103
3 83 165 203
3 115 86 238
4 254 244 248 28
3 262 162 203
4 1 155 115 222
4 18 219 78 94
3 200 193 247
4 71 16 33 249
4 206 214 147 44
4 26 253 186 278
5 52 96 25 8 64
3 21 176 113
2 119 75
2 70 255
5 173 106 45 113 107
4 22 99 242 256
5 144 265 77 212 19
4 131 221 20 119
2 239 196
5 85 136 112 223 100
3 4 117 84
4 202 93 62 129
2 243 15
3 34 89 276
4 171 278 2 257
5 61 29 224 150 263
4 201 63 202 241
3 133 193 125
4 222 115 238 86
3 16 249 253
2 231 266
4 168 233 133 189
4 55 4 105 110
4 24 286 35 68
3 180 111 228
3 125 268 5
2 122 61
3 87 148 38
3 81 168 247
2 39 188
3 188 241 183
2 165 162
4 53 284 149 260
3 207 268 96
4 31 78 170 214
3 5 205 37
3 257 227 153
5 126 72 141 235 280
5 107 45 22 137 99
5 142 160 245 82 237
4 265 144 19 178
3 270 101 272
5 78 31 44 206 170
3 13 271 108
3 98 269 55
4 108 160 271 142
4 267 103 85 50
5 140 88 94 18 167
3 260 284 30
4 102 9 119 179
3 121 166 190
3 136 100 181
3 187 17 263
4 147 58 130 258
3 242 63 39
3 208 92 153
4 261 109 196 111
4 120 75 152 74
3 40 273 161
4 130 192 66 11
2 36 275
2 193 90
2 153 274
4 72 126 280 209
4 263 69 17 7
4 82 211 67 239
4 190 163 102 86
4 245 237 180 261
4 282 276 254 244
4 63 93 188 202
4 177 256 226 39
3 275 184 76
5 158 240 28 254 164
3 211 239 67
2 249 26
4 15 200 133 168
5 164 28 148 10 87
4 33 169 246 191
3 152 79 270
5 47 154 65 12 114
4 286 24 68 35
4 191 278 26 171
3 240 164 244
4 175 98 55 269
5 99 22 128 177 242
4 278 208 186 2
4 279 225 66 130
3 62 6 98
3 149 204 220
3 67 239 228
3 91 146 165
4 150 187 236 224
3 23 59 286
5 100 112 212 144 178
3 192 135 27
4 32 218 103 50
3 197 37 205
3 216 255 105
4 42 213 250 79
4 215 142 217 160
4 79 213 41 101
4 38 134 143 230
4 234 159 277 104
5 232 80 243 3 76
4 185 56 282 240
4 92 104 274 159
5 253 26 257 171 186
2 58 258
3 235 209 116
2 19 51
3 56 240 276
4 104 154 46 47
3 204 124 220
3 84 127 139
3 264 252 195
164
4 140 111 34 30
5 139 129 119 72 133
3 151 81 10
2 100 66
3 41 76 105
4 105 114 90 123
3 75 162 73
3 78 60 44
5 121 17 27 122 68
4 95 3 137 81
3 85 149 106
2 138 106
3 31 34 140
2 127 82
3 24 152 121
2 50 157
4 136 122 121 9
3 21 55 46
3 131 159 32
5 52 97 128 53 71
2 44 18
3 35 148 79
3 161 164 38
4 26 154 15 136
3 128 71 95
4 130 24 154 152
2 9 76
2 146 44
5 111 30 112 91 88
4 34 1 91 29
2 80 13
3 66 138 19
3 83 97 156
3 13 30 1
2 112 22
3 94 154 130
3 150 160 132
4 124 23 54 84
5 51 70 135 110 104
2 103 90
3 68 5 103
2 83 98
3 102 80 140
4 28 8 21 118
3 73 116 100
3 49 18 75
4 119 133 145 150
4 108 149 58 109
2 118 46
2 107 16
3 64 39 70
3 156 20 97
4 97 71 20 128
5 38 164 65 84 69
2 18 153
2 59 96
3 92 61 147
3 48 144 59
5 109 58 56 144 74
2 8 118
5 93 77 155 92 57
3 116 131 66
2 89 143
2 155 51
4 54 84 146 78
3 4 62 32
4 74 141 96 94
4 122 9 41 76
4 84 54 78 146
4 147 110 51 39
5 53 20 151 128 25
4 129 133 2 119
4 153 45 7 162
3 144 59 67
2 46 7
4 27 68 103 5
3 148 92 61
3 69 65 8
3 117 158 22
3 114 31 43
3 3 107 10
2 14 129
3 42 33 98
5 164 38 69 54 65
3 159 138 11
3 133 119 150
3 137 107 113
4 91 29 117 112
4 142 125 63 127
5 40 105 123 6 114
4 30 88 29 112
4 77 57 61 155
2 158 61
4 96 67 36 141
2 25 10
3 56 94 67
5 33 156 53 52 20
3 42 156 83
3 149 108 109
3 162 45 4
3 157 115 124
2 123 43
4 76 41 40 105
3 110 39 125
4 5 103 6 90
3 12 108 11
3 81 50 87
3 106 48 99
4 99 48 59 144
4 70 104 39 135
2 1 29
4 29 91 35 88
3 87 115 157
4 6 90 80 123
3 113 161 101
2 45 62
2 88 79
3 60 44 49
5 2 72 47 133 86
2 132 126
3 15 9 17
3 17 68 9
4 90 6 102 114
3 101 161 38
4 104 127 142 89
2 120 163
3 125 14 89
4 20 53 25 71
5 82 143 72 139 2
3 141 26 36
2 62 19
4 134 37 120 160
5 72 2 86 119 47
4 145 150 132 160
3 39 110 142
3 152 24 17
2 10 87
3 32 12 85
3 143 2 129
3 43 1 13
3 67 130 94
3 135 89 125
3 63 139 129
4 58 109 74 59
2 47 134
3 65 69 28
2 57 70
3 22 77 158
3 11 99 48
4 86 47 37 134
2 71 3
4 154 26 136 15
2 55 73
4 36 152 26 24
3 61 92 64
4 98 52 33 97
3 16 113 101
3 79 93 148
2 19 85
4 37 134 163 132
3 115 23 124
3 7 73 100
2 160 126
3 23 84 54
160
5 160 103 91 39 19
4 71 119 144 5
3 6 114 38
4 145 104 136 44
4 144 2 156 119
5 50 20 3 114 129
4 65 90 143 151
4 96 108 65 82
4 48 125 75 58
4 91 19 16 112
3 22 107 81
4 81 153 152 113
5 75 124 32 106 159
4 90 52 26 67
3 76 23 94
2 10 21
2 131 53
4 56 148 28 77
4 39 1 70 10
5 92 100 114 50 6
3 16 112 25
4 80 11 155 115
2 15 61
4 158 95 68 83
3 21 122 62
5 151 90 67 14 52
3 83 157 138
4 18 77 54 127
4 127 95 54 158
3 84 133 35
4 138 102 137 121
2 13 72
2 69 133
3 37 135 134
2 30 88
4 59 89 62 85
2 132 34
2 129 3
4 103 19 1 91
2 118 78
2 72 149
2 119 64
3 98 147 99
4 104 145 45 4
3 44 128 55
3 82 143 65
4 79 69 84 133
4 123 73 9 58
2 97 130
5 100 92 6 20 114
4 141 88 144 71
3 14 26 101
3 17 148 131
4 28 158 29 95
4 136 45 73 123
3 131 18 148
2 154 94
5 125 48 124 9 75
3 122 36 62
2 159 117
3 23 74 140
5 25 59 85 36 89
3 110 100 87
3 42 108 66
4 8 82 7 46
4 156 96 64 108
4 26 14 120 101
3 24 83 138
4 121 102 33 47
3 19 91 112
3 88 2 51
3 32 41 117
5 55 128 125 123 48
3 61 142 140
4 9 58 13 124
3 135 15 94
4 148 127 18 28
3 40 126 130
3 102 121 47
2 126 22
5 115 11 12 107 152
5 108 96 46 8 65
4 95 27 24 68
4 47 30 133 86
5 62 36 147 89 98
3 133 84 150
3 105 92 63
4 35 150 71 51
4 36 62 98 85
3 7 14 26
4 1 39 10 70
4 87 20 100 50
3 140 97 118
4 57 76 111 15
4 29 54 83 24
3 66 8 82
3 93 142 49
4 89 85 43 132
3 43 132 134
4 63 50 92 20
4 52 67 160 120
5 31 137 79 121 69
3 120 39 1
5 153 113 44 145 4
3 149 87 110
3 124 159 13
3 11 152 81
4 64 66 82 8
2 130 146
3 116 63 105
1 94
4 70 10 122 21
4 152 12 145 104
5 20 50 129 6 3
3 155 22 81
2 117 110
4 60 72 116 149
3 142 93 40
4 2 144 42 5
3 67 103 101
5 137 31 69 102 79
3 112 59 25
5 128 55 48 73 125
4 58 106 75 13
4 73 123 58 9
2 78 80
3 77 29 28
4 45 136 123 73
3 114 6 38
3 49 109 78
4 17 56 53 148
4 147 98 37 99
5 33 47 86 84 30
4 99 154 34 135
3 34 134 76
3 4 55 128
4 157 121 31 102
3 68 27 31
1 140
4 139 61 93 74
2 150 51
3 74 118 97
3 46 151 7
4 51 5 2 119
4 113 4 104 44
2 109 155
3 85 132 43
5 53 131 77 56 18
3 41 117 105
3 86 141 88
3 143 7 26
4 107 81 113 12
2 12 104
2 134 57
3 146 115 22
2 5 66
2 27 137
3 54 29 24
3 106 13 60
2 101 1
116
3 33 37 89
4 109 98 3 99
3 2 42 18
2 21 86
4 18 12 73 44
2 79 55
4 22 115 106 91
4 51 107 25 87
3 83 100 35
3 94 85 77
4 53 13 55 40
2 5 67
3 11 55 83
3 54 64 65
4 105 107 56 51
5 92 104 74 47 114
3 75 79 76
5 78 3 5 42 73
5 28 29 84 34 81
2 116 77
3 37 33 4
4 95 96 7 115
3 77 97 45
3 50 30 98
3 8 71 103
5 45 97 93 68 110
2 82 94
3 114 19 34
3 74 34 19
4 111 100 72 24
4 67 36 38 32
3 59 31 52
5 80 113 1 37 21
4 29 28 81 19
3 112 111 9
3 44 59 31
4 113 21 33 1
3 31 59 57
4 89 49 86 62
3 55 11 112
3 81 84 69
3 3 73 18
3 106 91 104
3 73 5 36
4 85 23 26 68
3 101 88 116
3 104 114 16
2 107 87
3 39 86 105
3 100 111 24
4 56 15 8 107
3 32 88 101
3 108 11 55
4 103 71 14 64
5 6 53 40 11 13
4 102 105 51 15
2 38 101
2 110 95
3 36 32 38
3 66 76 75
2 91 92
4 86 39 102 105
3 93 110 96
4 71 70 54 14
2 70 14
2 60 75
2 12 31
4 97 45 110 26
3 84 113 41
2 64 65
5 25 87 64 103 54
3 30 109 98
4 42 18 44 5
3 16 29 114
3 66 17 60
3 60 108 17
4 20 23 10 85
2 99 18
2 17 6
1 33
3 34 19 41
3 88 101 27
3 13 9 112
3 19 69 41
4 10 77 45 97
5 4 89 62 39 49
4 48 8 103 71
3 52 82 46
3 1 39 86
2 115 91
4 90 7 61 43
2 61 16
2 26 63
2 27 10
4 58 22 96 115
4 63 115 95 22
4 23 85 68 26
4 24 72 99 2
4 98 109 78 2
4 9 50 111 30
4 57 52 46 82
2 62 56
4 87 25 54 71
3 43 47 16
4 49 62 15 56
2 7 43
4 15 48 51 8
2 76 53
3 72 2 99
4 68 26 58 63
4 35 30 100 50
3 40 35 83
3 69 37 33
4 47 16 28 74
5 96 95 90 22 7
2 46 20
