20
146
3 118 145 14
2 78 48
2 21 57
4 75 10 110 7
4 49 143 29 76
3 115 87 85
5 124 4 41 110 55
3 68 83 109
4 60 45 51 127
4 144 124 75 4
3 41 19 120
5 135 111 136 31 65
2 139 17
3 24 1 71
2 130 129
4 97 80 142 74
5 13 66 93 103 23
5 37 71 63 84 44
3 11 27 121
3 29 97 80
4 81 3 22 46
4 42 81 46 21
4 103 17 56 98
4 52 118 14 145
4 33 90 91 68
4 127 45 117 61
4 19 54 121 138
4 43 47 122 78
4 5 76 20 133
4 36 67 118 132
3 111 65 12
5 95 40 86 106 141
4 38 88 25 90
4 101 129 104 77
2 64 143
3 57 140 30
2 145 18
5 98 56 33 88 90
4 108 105 87 115
5 117 113 106 95 32
4 7 11 55 120
2 74 22
3 59 28 47
4 84 18 96 130
3 9 61 26
3 22 21 140
4 53 78 43 28
2 2 58
3 107 5 143
4 96 130 101 129
4 146 60 127 9
3 132 24 118
2 125 47
5 27 121 72 138 128
4 110 7 120 41
4 23 93 88 38
2 3 36
3 48 112 119
3 62 125 43
4 136 9 146 51
3 45 113 26
3 77 59 125
3 18 84 130
4 72 128 35 89
3 31 12 146
4 82 139 103 17
3 140 132 30
3 90 8 25
3 141 79 92
2 120 121
4 14 145 84 18
3 54 64 89
3 112 119 108
5 134 16 42 142 81
5 126 144 4 10 124
4 143 94 5 29
3 137 34 62
4 47 2 28 122
4 69 144 92 126
5 133 20 134 97 16
4 142 74 21 22
3 123 66 139
4 8 91 135 111
4 71 44 18 63
2 87 6
4 32 106 131 141
4 39 115 6 85
5 56 98 90 38 33
4 128 72 107 64
5 88 38 68 33 25
3 25 109 83
4 131 69 126 79
3 17 98 56
2 76 133
5 113 117 32 40 106
3 44 50 130
3 20 16 80
4 93 23 38 88
2 114 123
3 116 119 112
3 50 34 129
3 119 105 108
3 66 23 17
3 34 137 125
4 102 115 108 39
5 40 95 141 32 86
3 89 49 143
4 73 102 39 105
4 91 8 111 135
3 4 55 7
4 109 83 31 12
4 58 100 73 119
3 61 95 40
3 99 139 123
4 105 6 39 87
2 122 100
3 26 40 95
4 30 1 52 24
5 100 58 102 112 73
4 55 41 70 11
5 70 19 138 27 54
3 28 78 116
4 99 82 114 139
3 10 75 7
4 104 53 62 59
3 92 79 75
3 51 9 26
4 138 54 89 64
5 15 50 137 101 34
5 63 44 15 96 50
3 86 141 92
3 67 52 30
3 94 29 80
2 80 74
3 83 109 12
2 12 60
3 129 77 104
4 121 27 128 54
5 114 123 13 82 66
3 46 67 36
5 106 32 69 86 131
3 16 81 74
5 35 107 76 49 5
3 79 10 75
4 1 24 37 71
3 65 51 60
378
3 207 277 216
3 343 23 184
4 28 243 192 375
4 346 262 139 359
4 146 266 68 52
3 163 135 354
3 194 295 235
3 55 124 247
3 333 115 25
3 142 298 116
5 96 196 340 19 21
5 141 33 53 315 41
3 323 264 338
3 113 82 252
3 168 325 183
2 60 373
4 282 188 294 369
3 39 237 166
4 196 96 21 11
4 115 117 246 134
3 19 11 214
4 188 282 369 294
3 292 351 2
2 78 168
3 197 9 246
2 204 95
2 41 97
4 189 109 3 375
4 192 270 213 250
3 140 99 303
5 123 74 227 112 301
2 221 215
4 152 315 141 12
2 128 241
3 255 299 201
3 305 212 350
5 217 59 81 54 131
3 230 372 126
4 356 121 18 166
3 216 277 362
4 315 12 27 53
3 208 145 111
4 99 365 177 321
3 345 193 140
4 321 365 337 260
2 339 203
4 330 157 114 104
2 53 125
4 144 236 77 200
5 215 249 278 348 286
4 229 98 189 276
4 68 5 302 266
4 12 315 48 41
4 59 217 131 37
2 260 8
4 280 296 314 285
4 180 209 330 157
4 206 293 324 72
4 263 287 54 37
4 222 16 242 253
4 373 273 205 232
3 268 327 138
4 73 342 74 331
3 231 144 362
3 159 261 219
4 170 194 235 295
2 365 260
5 366 146 52 5 266
3 166 88 237
3 335 178 261
4 347 106 207 339
4 293 206 161 58
3 319 63 342
3 63 112 31
4 232 205 78 175
4 240 154 268 274
3 49 259 128
2 75 24
3 308 350 212
3 154 274 268
2 37 172
4 14 252 198 317
4 235 295 352 164
3 329 241 357
3 256 335 167
4 161 324 366 361
4 318 158 374 133
3 69 342 319
4 247 160 124 204
2 149 199
4 239 119 209 310
2 214 367
4 234 344 267 195
3 184 102 107
3 26 221 249
3 179 11 19
3 27 318 125
5 290 169 276 229 51
4 30 193 43 177
3 337 260 247
4 225 279 356 244
4 351 336 184 94
3 297 287 248
4 157 330 332 47
5 299 201 165 155 306
4 150 224 339 71
4 94 173 376 211
2 371 188
3 276 243 28
3 186 333 364
3 349 122 42
4 74 301 31 227
3 278 286 14
4 47 281 332 142
3 9 197 20
4 281 291 10 298
4 20 246 163 226
3 341 168 183
5 267 309 310 239 91
2 354 284
4 244 313 356 39
2 111 304
2 331 31
4 8 247 204 89
4 48 158 97 318
4 220 230 272 38
2 273 232
3 200 77 34
3 265 283 137
3 320 245 338
4 54 37 257 172
3 209 180 157
5 158 318 233 87 374
4 246 20 226 163
4 6 258 153 354
3 350 212 202
4 314 312 129 283
3 271 62 208
3 367 359 4
4 352 30 44 193
4 202 152 12 33
3 332 114 10
3 311 228 222
2 64 49
2 42 187
3 361 5 68
4 304 187 218 191
5 358 275 296 176 280
3 241 90 357
3 369 294 106
4 191 307 218 179
3 370 33 141
3 135 354 269
4 269 284 80 76
5 201 299 306 105 165
3 302 368 289
5 132 57 104 330 47
4 125 133 318 87
4 322 65 261 355
3 89 221 204
3 72 86 324
3 286 278 252
4 117 134 6 226
5 295 235 345 83 352
4 105 155 334 181
5 313 39 69 18 237
4 288 256 178 85
3 24 15 118
4 254 377 229 98
3 185 326 66
3 353 346 367
4 81 131 358 257
4 107 376 326 211
2 175 182
4 205 232 174 75
5 275 358 280 148 296
4 303 99 321 43
4 167 322 335 70
5 218 151 96 307 196
4 310 57 209 132
5 306 165 344 334 234
2 174 341
4 118 15 230 325
4 2 351 94 102
4 211 170 326 194
3 355 110 316
4 145 191 304 147
4 108 378 22 17
3 51 276 28
4 233 374 264 323
4 187 151 147 218
2 3 29
4 44 140 303 99
4 326 185 7 66
4 344 234 309 93
4 307 179 19 11
3 364 25 115
3 82 378 371
3 90 228 251
4 210 49 128 259
5 289 35 155 299 105
2 136 141
3 46 207 216
5 124 89 26 160 221
3 61 175 75
4 312 283 58 72
4 71 339 1 203
3 138 42 349
4 91 132 180 57
2 236 200
4 376 107 185 173
4 36 79 370 136
3 270 29 250
4 21 340 92 353
2 32 50
3 203 1 40
3 287 37 54
4 147 191 179 151
2 65 316
3 325 126 230
4 160 204 32 95
4 143 360 60 238
2 259 329
4 294 369 347 106
3 291 101 279
4 134 117 258 163
5 31 112 305 301 308
3 199 360 143
5 169 290 51 98 276
4 183 38 220 126
3 277 64 362
4 127 61 75 175
3 133 190 374
4 334 181 93 195
5 66 7 83 295 164
3 362 210 49
4 18 166 319 69
3 360 242 222
4 309 267 91 119
3 284 269 76
4 34 149 329 84
3 238 253 60
3 109 375 3
4 279 121 101 356
3 130 377 328
4 25 134 20 117
4 100 89 8 124
4 300 263 103 287
3 95 348 50
2 29 213
3 357 311 199
4 162 317 14 82
3 242 60 273
4 328 169 377 290
3 368 302 35
4 372 272 85 167
4 131 275 172 358
3 226 354 135
3 77 200 223
4 67 45 55 100
4 70 355 159 65
3 4 297 300
2 248 59
4 190 320 323 13
3 285 129 314
5 5 68 368 52 302
4 93 119 309 239
5 76 80 62 274 271
4 153 154 284 240
3 375 213 29
3 274 268 138
3 126 288 256
4 253 127 373 61
4 80 76 271 268
3 257 176 148
5 98 229 109 51 189
3 1 231 40
4 50 348 113 162
5 298 291 244 225 101
5 176 148 56 296 285
3 114 332 116
3 378 17 22
4 129 137 293 206
4 120 240 269 154
4 296 280 265 56
4 348 50 162 113
4 103 248 217 59
2 272 167
2 156 201
4 377 254 98 229
3 116 225 279
2 23 343
3 283 72 58
4 17 22 224 150
5 7 66 164 235 83
5 148 176 285 280 56
4 262 359 103 300
3 10 116 279
4 35 105 201 155
4 359 262 248 297
5 112 31 308 227 305
4 52 266 156 255
3 193 30 177
3 122 147 187
4 227 301 36 308
4 155 105 181 334
3 151 196 179
4 301 227 79 305
4 195 239 267 119
3 119 180 91
3 251 143 360
2 137 206
3 121 356 166
3 56 137 265
4 33 41 12 53
4 219 186 364 333
3 252 371 82
5 97 125 87 158 133
3 237 73 88
3 264 130 338
4 177 43 45 365
3 178 335 159
4 363 190 13 264
4 58 361 161 86
3 15 220 183
4 173 194 185 170
2 62 349
4 338 254 245 377
3 223 84 241
4 57 47 157 104
3 342 123 63
4 104 142 114 281
3 110 316 9
4 165 306 234 181
4 85 70 178 322
2 102 376
2 45 100
4 13 320 328 130
5 106 347 46 71 207
3 11 353 214
2 182 118
4 88 331 73 63
2 292 2
3 181 195 93
3 164 44 352
2 171 4
3 224 71 339
4 249 286 50 278
3 327 111 208
3 79 36 136
3 23 102 184
4 83 164 140 345
3 340 171 214
5 258 6 120 135 153
3 261 159 186
5 101 244 39 121 313
3 84 149 251
4 172 257 148 176
4 139 4 300 297
4 228 311 238 222
4 324 146 86 366
4 40 231 236 64
2 374 323
3 316 110 197
4 43 67 321 45
3 86 361 68
3 92 171 139
3 266 255 156
4 22 17 150 224
2 212 152
4 317 108 198 378
2 38 256
3 16 61 273
5 87 133 363 233 190
4 243 28 270 3
4 336 211 107 173
5 245 328 290 254 169
4 198 371 282 188
224
4 41 36 188 187
2 62 4
5 82 146 44 65 197
3 2 193 84
2 92 74
3 35 42 18
4 118 86 103 177
3 223 163 186
4 194 11 214 161
4 119 60 195 30
3 66 104 9
2 217 155
3 115 28 111
4 153 207 159 180
2 197 57
4 204 196 198 107
5 47 166 40 88 100
3 186 6 147
3 145 36 41
3 139 181 105
4 31 96 220 219
4 78 52 86 85
5 107 196 79 202 209
2 149 80
4 124 168 75 101
2 208 156
2 74 31
4 13 136 166 47
5 224 128 184 221 172
5 195 10 152 60 143
2 27 21
4 222 135 105 139
4 191 102 178 206
4 175 98 137 68
3 163 6 186
4 19 187 41 1
3 138 116 82
3 117 62 84
3 187 76 188
5 17 88 83 100 131
4 63 19 1 36
4 6 186 77 147
3 105 165 181
3 3 192 197
3 183 55 155
4 160 157 89 72
4 111 28 17 166
3 71 149 170
3 171 183 217
3 106 151 119
3 181 176 64
4 137 68 85 22
3 148 130 135
4 212 67 174 167
3 45 155 194
4 73 87 156 208
4 15 192 67 173
4 132 204 122 205
3 96 75 124
4 10 143 30 152
4 86 118 177 103
4 207 2 117 38
2 81 41
4 165 51 191 176
4 146 82 197 3
3 155 11 194
4 57 167 212 54
4 169 34 78 52
3 72 148 130
4 76 121 141 213
3 161 48 149
4 89 46 69 157
5 210 110 56 87 185
5 201 203 27 92 5
3 59 101 25
2 39 70
3 42 171 147
3 68 22 85
3 23 175 209
3 24 179 182
3 127 63 145
5 37 123 3 146 65
5 40 100 163 131 223
4 38 125 4 193
4 52 78 118 22
3 22 61 7
4 110 185 73 56
4 166 100 17 40
4 200 72 46 157
4 172 184 112 127
2 133 132
3 203 5 74
2 126 203
3 108 106 164
2 141 136
3 21 59 124
2 174 159
2 209 34
2 189 201
5 88 17 131 40 83
3 75 25 142
5 33 178 218 206 120
5 7 61 108 177 215
3 11 194 161
5 32 139 43 20 181
4 94 164 50 154
3 198 16 23
3 103 94 164
3 130 222 135
4 193 125 87 73
3 136 13 47
4 90 134 145 127
2 213 115
3 218 138 150
3 113 141 13
4 150 123 138 37
4 180 207 38 62
3 85 7 61
4 129 50 10 151
4 206 102 150 218
3 188 213 70
3 133 205 58
3 116 146 82
4 219 96 25 59
4 84 210 193 110
3 216 140 93
4 134 90 81 112
3 152 221 29
2 154 119
4 199 69 109 53
5 100 40 223 83 163
3 91 58 133
3 91 122 132
3 184 127 112
4 53 109 139 32
3 95 111 28
3 34 169 52
4 114 150 37 116
4 135 20 32 105
3 179 189 126
3 70 95 115
2 101 200
3 60 30 224
1 220
3 112 19 81
4 123 65 82 3
5 18 42 158 77 171
2 69 53
4 214 24 71 48
4 120 116 114 138
3 50 195 119
4 30 60 128 224
2 162 14
3 164 129 106
4 12 66 45 55
3 56 185 26
4 46 89 199 72
2 147 217
4 97 180 14 207
3 211 46 200
4 104 9 71 214
2 167 153
5 83 131 35 223 8
5 215 108 154 94 106
3 43 64 176
4 28 88 47 17
4 67 162 54 174
2 25 211
2 68 137
2 48 182
4 77 147 49 217
3 221 29 90
3 192 212 57
3 54 167 97
3 79 209 34
4 51 165 190 64
4 61 7 215 103
4 190 206 33 102
3 80 140 182
4 159 14 117 207
4 20 105 51 43
4 170 80 216 179
2 49 45
3 29 134 90
4 87 73 208 156
4 8 35 18 42
4 36 39 1 188
4 1 187 121 39
3 140 216 99
2 176 178
2 64 33
4 44 197 173 57
4 4 84 110 125
4 55 66 9 104
3 151 30 10
3 16 202 23
5 65 3 15 44 192
3 205 107 16
2 157 130
3 142 89 160
3 99 74 203
3 196 209 23
4 93 92 201 74
3 58 16 205
4 122 58 198 204
4 178 33 120 102
5 14 159 62 180 117
3 185 56 26
5 202 23 98 79 175
2 125 73
2 168 160
3 173 54 67
3 121 113 70
3 9 149 161
3 177 103 164
3 182 126 189
4 158 171 12 49
3 102 114 120
3 220 21 124
3 144 219 21
4 128 224 172 29
2 109 32
4 131 83 8 163
4 143 152 29 221
94
2 43 34
4 28 10 4 8
4 8 10 51 59
5 67 28 8 2 10
4 79 74 19 81
2 77 84
5 56 44 25 91 36
4 4 2 3 10
4 61 92 27 94
5 2 4 39 8 3
3 71 20 69
3 38 87 31
2 45 29
4 76 82 72 21
5 48 32 52 24 26
3 89 93 88
4 31 55 86 46
3 27 40 29
4 68 81 5 74
4 46 89 71 11
3 82 73 14
2 37 47
3 35 77 30
5 32 48 26 15 52
4 7 91 54 36
5 24 15 79 52 68
3 9 94 18
5 74 81 2 67 4
5 13 18 48 40 32
2 23 90
4 64 12 17 86
5 40 29 24 48 15
2 44 56
3 1 37 70
2 60 23
5 91 7 63 25 54
3 50 22 34
3 73 72 12
3 10 59 51
3 18 32 29
1 80
2 59 50
3 53 1 50
4 33 91 56 7
2 94 13
5 86 17 20 55 71
3 22 85 60
4 29 15 32 24
2 75 83
3 42 37 43
3 3 39 53
4 15 24 68 26
3 51 59 43
4 25 36 80 62
3 17 71 46
4 33 7 44 91
2 84 75
3 72 73 64
4 39 3 42 53
3 70 47 35
2 93 9
4 63 54 66 80
2 36 62
2 58 31
2 78 83
4 62 80 76 82
3 81 4 28
3 52 26 19
2 11 88
3 34 60 85
5 55 46 11 20 89
3 14 58 38
3 21 38 58
3 5 19 28
4 57 90 49 78
2 66 14
3 85 6 23
3 90 65 75
2 26 5
4 54 41 62 66
4 19 5 67 28
3 66 21 14
2 65 49
2 6 57
3 47 70 77
4 87 31 46 17
2 12 86
4 69 16 92 93
3 20 71 16
3 30 78 75
5 44 56 36 7 25
4 88 93 94 9
4 16 61 88 92
4 92 45 9 27
100
2 73 33
5 18 8 41 75 31
3 29 33 56
2 87 73
4 13 68 62 9
4 67 79 49 96
4 20 52 51 65
3 93 75 2
5 62 5 54 68 36
3 80 97 18
2 72 58
4 53 27 80 61
3 44 60 5
3 100 98 87
5 81 99 60 50 44
2 58 70
3 34 25 51
4 10 93 2 75
4 42 28 25 92
3 25 7 51
3 78 32 86
2 90 47
3 70 38 63
4 88 73 29 33
4 19 92 20 17
2 36 37
5 89 74 61 53 12
3 30 92 19
3 24 3 78
4 45 28 37 42
3 75 2 81
3 21 58 86
4 1 24 78 3
2 92 17
5 95 57 46 84 55
5 68 9 26 54 45
4 26 45 42 30
5 23 63 94 71 77
3 60 44 62
3 72 63 70
3 2 99 81
3 37 30 19
3 85 57 95
4 50 15 13 39
4 54 36 30 37
4 35 84 74 55
3 22 85 95
3 69 76 64
4 6 96 85 90
3 99 44 15
5 17 20 65 7 52
5 7 51 82 65 66
4 74 12 27 61
3 9 45 36
5 84 35 89 46 74
2 3 86
4 43 84 95 35
4 32 16 11 72
3 69 64 76
3 15 39 13
5 27 53 97 12 80
3 39 9 5
5 40 70 71 23 38
5 59 48 67 76 79
4 51 7 66 52
4 65 52 100 91
3 64 6 96
3 5 36 9
2 48 59
4 16 23 40 63
3 63 77 38
3 11 58 40
5 4 98 1 88 24
5 46 55 53 89 27
4 8 18 31 2
4 48 59 79 64
3 71 38 83
3 33 29 21
4 76 64 96 6
4 12 61 10 97
3 31 41 15
3 52 91 100
2 94 77
5 57 95 55 35 46
3 49 43 47
3 56 21 32
5 91 100 4 14 98
3 98 24 73
3 55 27 74
3 96 22 49
3 82 66 87
4 28 34 19 25
3 97 8 18
2 38 83
5 47 43 35 57 84
5 79 67 90 6 49
4 61 93 80 10
4 14 87 88 73
3 41 50 15
4 66 82 14 87
570
4 398 173 537 189
3 236 479 33
3 98 349 260
3 176 386 16
4 422 157 273 253
4 45 452 162 105
4 128 284 153 184
3 79 17 425
4 408 255 532 508
3 545 173 398
5 355 560 527 555 557
4 168 278 535 36
4 446 77 39 37
3 190 143 272
5 316 52 227 283 330
4 4 21 347 365
3 8 93 200
2 36 301
3 196 463 114
4 345 52 268 316
3 16 546 365
2 457 348
5 245 181 131 484 534
4 241 472 127 166
5 115 360 146 188 60
4 559 366 399 492
3 424 296 294
2 288 306
3 487 445 314
3 237 241 472
4 385 64 377 65
4 121 343 388 170
3 299 2 251
3 410 179 466
3 169 501 183
4 396 12 18 535
5 77 446 364 13 39
2 250 314
4 13 37 42 400
4 554 216 160 141
4 445 314 181 405
4 39 364 190 400
4 215 320 418 102
3 203 197 326
3 326 6 162
3 442 148 285
2 242 393
2 367 182
2 498 226
3 280 379 406
4 463 125 66 370
4 20 268 283 15
3 163 78 134
3 401 505 568
3 317 156 92
4 258 372 564 542
2 297 59
2 178 101
2 57 186
3 188 25 279
4 521 545 232 89
2 191 128
2 310 412
2 31 500
3 377 31 435
4 51 518 370 502
3 568 426 505
3 272 481 464
5 478 81 277 307 539
2 550 201
5 567 312 104 499 540
3 127 293 551
4 338 494 358 561
3 542 229 193
3 447 360 186
4 201 117 327 215
4 491 37 446 13
3 53 329 544
5 517 516 8 443 482
2 409 448
4 464 307 478 69
3 304 224 129
2 226 267
4 324 404 406 280
3 151 311 526
3 340 98 260
3 243 140 208
3 152 363 174
3 232 61 269
2 220 274
4 131 386 383 176
3 55 242 475
3 17 409 200
3 522 212 297
3 384 262 486
2 363 328
3 438 223 175
5 224 238 3 340 86
4 313 387 413 271
3 240 191 123
4 58 338 286 407
3 418 43 243
3 540 169 501
4 71 499 423 540
4 162 6 178 452
3 381 244 483
3 109 282 389
2 389 570
5 113 431 107 507 389
3 419 275 438
4 513 543 428 430
4 532 508 366 559
2 449 109
5 451 196 125 19 463
3 186 25 188
3 339 298 470
3 194 126 76
4 333 217 381 465
3 277 302 538
3 380 474 265
4 132 32 343 170
4 471 214 208 468
3 266 100 315
5 302 361 138 218 135
3 114 434 51
4 117 201 215 327
3 24 72 384
3 62 7 284
5 399 304 238 82 224
4 570 239 373 164
5 23 484 91 534 383
4 382 121 348 343
3 216 141 194
3 329 53 339
3 218 124 496
3 172 415 515
2 210 288
4 124 218 566 496
3 305 524 199
3 320 471 87
4 160 40 550 133
4 475 393 568 401
3 400 437 14
3 145 324 404
4 506 413 144 454
2 25 202
3 259 232 521
2 46 247
3 199 524 213
4 476 229 246 529
3 161 85 325
3 459 509 88
3 7 287 184
4 469 480 329 163
4 322 305 192 556
3 291 242 55
4 486 262 353 5
4 264 549 266 240
3 525 342 233
5 354 554 141 40 216
3 406 151 325
5 197 45 105 6 452
4 480 469 53 154
4 373 130 292 436
4 342 525 225 233
3 472 293 24
3 182 554 235
5 470 298 12 278 396
3 103 423 35
4 343 121 203 32
3 249 255 408
3 374 351 136
3 10 189 1
2 88 295
4 275 97 441 223
5 383 91 4 386 344
2 420 286
2 105 58
4 395 548 204 34
4 514 323 228 528
5 41 405 484 245 23
4 48 167 448 235
2 35 285
4 552 7 402 153
4 493 533 312 248
4 59 115 75 360
3 319 249 408
4 360 115 60 25
4 173 398 562 1
4 42 400 14 437
4 100 266 62 315
3 485 556 155
4 372 476 74 229
3 133 117 201
5 520 295 395 541 548
5 473 489 19 451 114
3 44 326 162
4 285 487 247 250
5 511 139 149 524 416
4 425 17 367 93
4 70 194 76 126
2 146 341
3 170 44 326
2 179 221
3 495 268 345
4 490 371 462 424
2 462 490
4 87 471 468 122
3 311 291 403
5 391 415 137 252 309
4 563 230 362 310
4 566 496 220 94
4 149 257 359 337
3 122 491 468
4 126 76 43 327
4 40 160 133 550
5 349 260 465 333 118
4 361 135 124 138
3 441 387 313
2 212 90
4 204 525 466 342
3 465 483 381
3 97 394 175
5 82 129 98 238 340
3 165 513 233
3 49 547 83
4 15 283 493 533
4 460 514 528 180
4 74 193 529 150
3 270 310 211
2 474 431
5 147 521 89 61 545
4 159 165 543 225
3 535 519 301
4 448 182 354 167
3 318 254 2
3 279 30 341
4 129 340 224 98
4 130 373 436 292
5 549 264 100 158 266
3 30 290 24
3 156 47 92
3 102 320 87
3 106 414 569
4 405 23 181 484
4 150 529 249 397
4 148 250 198 487
4 533 567 185 312
5 246 397 171 319 187
3 247 198 38
3 33 479 261
4 415 391 309 210
4 353 5 530 503
4 435 500 335 236
4 171 334 408 9
3 528 323 516
3 213 440 495
5 332 263 56 453 564
4 331 147 267 521
4 86 3 333 217
4 251 421 444 392
4 95 551 422 157
3 426 453 258
4 369 158 549 240
3 352 356 120
4 158 240 123 191
3 83 521 259
5 205 345 316 20 52
3 89 545 398
2 433 230
4 387 506 99 413
4 14 437 68 467
3 5 503 530
3 90 297 447
2 110 175
3 468 446 491
3 69 307 119
5 298 470 396 168 12
2 60 237
3 404 50 84
4 294 460 296 514
3 107 346 570
4 52 330 15 227
4 315 552 128 7
3 183 46 198
3 177 407 101
2 153 480
3 137 306 28
3 321 458 433
3 341 472 241
3 209 512 156
5 164 239 336 436 461
3 166 384 72
4 371 281 27 296
4 174 541 520 195
5 27 294 514 281 460
3 94 57 274
3 116 278 168
2 335 33
4 494 561 352 303
3 18 234 490
4 119 538 124 361
4 561 494 380 300
3 492 82 129
3 155 139 556
3 309 288 28
4 81 539 69 277
4 518 502 459 509
3 252 210 306
3 230 63 211
4 85 526 209 512
5 185 248 499 567 71
3 378 219 99
4 38 29 405 41
3 123 191 284
3 268 20 15
2 403 55
3 500 236 335
3 397 187 249
3 43 140 243
3 461 336 289
3 558 155 485
3 180 439 256
3 144 84 404
4 379 161 526 151
5 388 203 45 44 197
4 76 126 418 215
2 96 520
3 154 134 78
3 283 15 533
2 456 259
2 553 258
3 260 118 217
3 255 508 532
3 254 318 299
3 292 427 321
3 359 213 495
3 101 73 407
2 134 116
4 238 224 86 98
3 202 290 237
4 466 221 165 159
5 348 132 170 121 32
3 386 176 347
4 440 20 205 268
3 282 373 570
3 344 365 16
3 22 343 132
2 3 217
5 414 411 488 536 477
3 557 523 172
3 300 265 380
2 157 253
3 235 160 554
4 531 11 560 555
2 265 449
3 390 444 473
4 407 561 73 494
3 416 337 213
4 75 186 188 25
4 538 218 302 124
2 211 419
4 509 459 96 88
3 37 400 42
5 347 16 531 21 546
5 112 450 492 559 26
3 200 48 409
4 444 390 489 473
4 430 264 428 549
4 434 51 502 66
4 206 462 294 424
3 56 564 193
4 346 164 130 239
3 527 557 172
2 526 512
2 437 467
3 510 65 31
4 394 441 313 387
3 50 406 325
3 303 120 352
4 118 465 106 222
3 417 457 132
4 534 131 176 91
4 293 127 95 551
2 565 31
4 91 344 176 4
4 219 378 271 99
2 32 326
4 507 109 108 107
4 392 357 444 368
3 515 210 252
3 421 390 261
4 47 401 475 142
3 223 378 441
3 195 179 548
3 278 168 36
4 529 319 246 249
4 269 10 1 189
3 26 492 129
5 364 39 143 42 190
3 393 54 142
3 184 469 480
3 512 209 317
5 454 144 280 324 84
4 314 245 41 181
4 84 161 50 379
4 286 101 358 338
4 187 171 9 255
3 93 80 367
2 548 34
3 569 536 350
3 63 438 419
4 99 271 497 145
3 244 569 350
4 136 515 252 210
3 524 199 359
4 503 530 382 457
3 327 102 43
4 362 110 412 438
2 452 177
3 479 392 261
2 262 5
4 104 540 501 169
4 462 206 27 371
3 482 8 200
3 67 263 553
2 336 433
4 111 430 549 369
3 502 518 509
4 543 369 111 428
3 231 507 109
3 477 488 547
4 427 270 289 458
3 125 463 370
3 65 254 500
4 239 164 461 292
4 143 190 376 272
4 412 419 97 110
3 323 528 517
3 257 345 495
4 175 219 394 378
2 501 46
3 516 482 79
4 261 368 390 357
2 29 41
4 276 13 77 37
2 274 75
3 80 235 182
3 356 474 113
4 508 532 559 366
3 489 114 196
4 6 162 420 105
3 263 564 258
3 497 145 404
2 544 470
2 547 331
4 530 22 417 382
3 289 433 563
4 308 152 509 363
4 281 296 228 514
3 436 292 321
5 207 490 424 206 371
4 19 114 51 434
5 467 68 81 481 478
4 217 222 118 381
3 34 342 221
3 376 272 464
5 208 122 276 214 491
3 402 154 163
4 455 116 168 278
3 140 122 208
4 290 30 166 24
3 357 368 196
3 120 231 449
3 92 142 393
3 193 150 529
4 536 350 432 488
4 481 464 69 81
3 2 421 251
4 287 402 163 154
3 68 478 464
3 443 79 425
3 222 569 106
5 181 245 534 23 131
3 504 192 322
3 551 95 157
3 198 247 29
4 350 498 477 432
3 368 451 196
5 519 301 206 207 462
4 214 468 77 276
5 366 559 304 26 399
2 227 185
5 73 358 300 561 303
4 337 257 205 440
5 135 138 522 566 212
2 413 454
2 488 49
4 312 540 71 104
4 64 318 435 254
4 423 103 442 35
4 370 66 429 308
4 273 253 417 530
2 562 485
3 54 553 67
2 271 145
3 431 389 109
5 334 9 450 532 112
5 429 308 363 459 152
2 565 377
3 556 199 524
4 375 311 403 291
2 225 111
5 296 281 180 460 228
4 523 391 136 415
3 256 443 79
2 439 79
3 66 308 429
2 234 490
4 328 195 295 541
5 267 259 61 147 232
3 496 566 94
2 351 515
5 139 511 416 199 149
3 221 159 165
4 325 375 85 311
4 11 555 374 557
4 228 180 256 439
5 229 476 397 150 246
5 253 273 457 503 417
3 365 355 560
5 9 334 112 508 450
4 330 227 248 185
4 484 23 383 131
3 12 234 36
3 411 477 350
3 1 558 562
4 539 361 119 302
3 307 69 538
5 499 71 103 104 423
4 295 520 548 195
3 564 56 74
3 233 430 111
2 78 455
4 61 232 10 269
3 21 365 560
3 432 456 226
5 541 195 410 395 179
5 428 369 240 264 158
3 141 216 70
4 72 384 486 262
2 284 184
3 505 332 426
4 167 40 354 160
5 560 355 557 11 527
4 192 155 511 305
5 555 11 351 527 374
2 537 322
5 450 112 26 366 492
5 546 531 555 355 11
5 358 73 303 494 300
3 189 504 537
2 458 211
5 453 258 542 56 372
2 510 385
4 138 212 496 522
3 248 71 312
3 142 67 54
4 483 411 244 414
4 108 282 130 346
530
4 317 375 66 482
4 245 475 437 520
4 102 138 127 316
4 278 351 113 233
5 293 443 469 397 483
3 264 35 147
2 229 361
3 26 196 13
4 31 192 267 260
4 254 426 416 464
2 340 231
2 444 240
5 8 30 465 76 477
2 413 382
4 248 206 151 235
2 336 123
3 371 529 479
4 456 497 384 187
4 512 52 404 179
3 498 175 258
3 287 303 503
3 40 254 426
2 104 205
3 525 518 191
4 488 505 491 136
4 114 459 8 30
3 123 28 101
3 27 85 288
4 250 389 380 449
4 196 26 76 13
3 182 134 9
4 86 492 500 439
3 80 429 341
5 342 445 276 415 286
5 6 147 48 393 246
3 501 304 431
4 438 171 156 320
5 507 214 207 348 39
4 348 38 399 207
4 64 22 479 378
3 94 291 528
3 175 285 258
3 242 148 281
4 145 175 352 498
4 344 484 298 508
4 226 131 299 236
3 390 344 484
3 35 402 246
3 329 241 150
4 270 280 387 125
3 59 168 480
5 19 404 430 179 223
2 351 233
2 421 530
2 274 181
4 276 286 283 102
3 235 338 174
3 458 208 216
4 508 298 51 172
3 484 344 508
4 251 362 268 504
3 295 476 197
4 302 237 230 487
4 529 371 40 479
4 258 285 403 112
2 1 120
3 315 523 294
5 388 266 183 157 257
3 420 106 232
3 98 502 123
5 361 427 466 493 193
2 381 428
2 366 97
3 439 371 155
3 165 77 346
4 30 477 13 465
2 75 208
5 212 337 293 486 443
4 106 420 103 232
2 244 33
2 120 447
4 333 203 374 84
3 126 442 386
5 374 82 441 203 158
4 28 101 121 460
3 180 32 97
4 331 340 452 231
4 217 239 518 525
4 389 449 300 190
5 303 178 327 225 247
3 234 423 297
2 375 482
4 509 275 339 149
3 335 41 332
4 112 403 156 438
4 448 163 251 463
4 73 180 500 86
4 152 336 70 123
3 324 485 328
4 485 324 414 328
4 502 27 288 85
5 166 56 3 283 127
3 79 105 232
4 416 398 23 417
3 103 232 148
4 107 513 79 69
2 441 106
4 261 521 507 224
3 477 206 248
3 330 382 240
4 230 487 501 306
3 222 65 95
4 4 243 233 226
5 431 304 26 459 196
4 210 409 211 169
4 260 192 264 199
2 338 385
3 437 340 331
4 151 235 174 338
3 66 81 279
5 85 288 237 460 302
4 489 170 394 517
4 16 98 27 70
3 419 409 191
4 387 50 220 280
3 265 83 385
4 283 102 316 3
4 391 473 359 363
4 468 390 484 344
4 209 141 163 396
5 46 299 162 236 234
5 450 440 218 343 422
4 294 137 374 333
3 213 345 31
4 321 462 383 434
4 323 25 244 326
4 198 333 294 133
3 3 228 316
4 471 381 270 428
3 341 524 141
4 140 396 209 130
4 365 284 334 204
3 279 319 447
2 424 506
4 454 44 407 352
4 221 318 455 329
4 367 393 6 35
3 105 238 43
4 339 93 212 337
5 455 49 510 241 496
2 15 119
2 490 98
5 516 399 435 519 311
2 409 169
4 492 529 74 371
3 95 320 37
4 266 257 68 183
4 203 84 513 441
5 310 472 229 312 313
5 469 483 360 186 227
2 476 490
3 131 236 418
4 130 425 448 96
3 429 524 341
4 220 75 308 346
4 286 276 102 283
5 257 183 509 355 356
2 51 395
5 154 115 370 211 408
5 122 394 200 517 406
2 37 514
3 298 400 59
3 272 451 291
3 119 57 265
3 44 42 20
3 462 434 404
3 334 201 515
4 503 225 303 90
4 404 19 223 52
3 228 86 97
3 55 271 380
2 263 31
4 68 157 355 167
3 526 451 277
3 346 458 208
3 483 227 160
5 301 18 411 384 368
2 372 266
4 296 365 354 284
3 357 89 317
3 24 210 124
3 9 199 116
3 493 71 444
3 284 365 204
2 364 217
4 459 114 30 8
2 62 336
4 523 315 137 294
4 192 367 116 264
3 170 392 296
4 177 515 450 499
5 461 481 446 373 273
4 82 158 84 441
4 194 142 515 334
4 23 424 412 506
4 109 369 289 15
3 38 516 39
4 77 185 494 58
3 478 130 141
3 191 115 409
3 115 408 169
3 149 78 337
3 422 218 134
4 224 348 507 38
2 246 505
4 58 494 364 379
4 195 88 239 401
4 132 263 422 213
3 328 383 321
2 125 165
4 473 146 318 329
3 285 112 403
4 179 52 390 468
3 521 214 108
5 178 303 247 90 327
4 233 113 46 299
3 186 160 436
3 138 180 366
3 159 7 313
4 63 453 111 487
3 11 87 351
5 69 79 256 103 105
4 53 4 226 113
4 236 131 91 418
4 289 15 57 119
5 299 46 234 131 162
5 121 460 453 302 63
3 148 242 454
4 292 401 217 88
3 12 413 110
3 49 496 150
3 256 43 238
2 113 299
2 136 80
3 510 2 520
4 393 35 215 48
4 225 90 314 327
3 369 109 15
2 528 307
2 271 29
4 96 425 61 268
3 511 437 331
3 379 292 364
5 22 378 10 426 464
5 410 432 324 269 485
2 232 242
4 157 68 167 355
4 20 42 65 285
2 280 308
3 267 9 116
3 495 467 108
2 466 330
2 218 182
3 116 199 6
4 174 338 126 385
4 188 474 157 68
3 345 260 9
4 463 251 504 61
5 432 410 485 255 324
4 139 50 428 387
3 274 250 181
2 277 173
4 373 202 467 495
2 271 55
3 93 339 337
4 34 415 56 166
3 377 272 184
3 452 4 351
3 482 143 120
3 50 259 125
3 43 407 454
4 360 315 436 523
4 56 166 127 102
5 354 189 194 365 142
4 42 222 258 65
4 415 34 166 56
5 368 411 21 290 503
4 101 28 460 121
2 206 235
3 411 503 287
4 173 335 332 41
2 253 239
4 78 486 5 443
4 67 198 133 137
2 470 62
3 406 200 189
4 418 91 461 423
3 45 172 59
5 243 226 236 46 131
3 89 375 317
3 497 456 187
4 460 121 63 237
4 21 90 178 225
4 36 433 459 114
4 362 471 405 381
3 487 350 111
2 249 309
3 259 346 165
3 307 530 353
3 527 159 472
3 519 153 342
3 472 313 159
4 312 159 376 229
4 247 327 377 325
3 282 67 198
4 127 3 366 138
3 190 300 1
5 363 473 329 221 146
3 143 372 522
3 156 37 457
3 414 135 219
3 412 506 472
4 505 488 136 491
4 255 269 99 100
3 327 526 314
3 491 136 429
5 90 225 325 247 314
4 99 100 219 414
5 318 221 49 146 455
2 262 110
3 252 118 87
4 291 94 421 528
3 137 82 133
3 142 177 204
3 451 94 291
4 197 490 16 98
5 275 149 486 212 78
4 57 119 117 265
5 356 509 149 93 275
3 118 11 87
3 33 164 140
3 311 435 34
4 440 450 422 132
4 47 129 45 60
2 134 267
4 308 165 185 75
3 514 394 489
3 214 39 38
3 530 470 353
3 306 433 501
4 231 53 278 4
4 407 145 498 44
4 309 349 476 470
3 392 284 189
5 183 257 356 167 509
4 355 167 339 509
3 449 389 190
2 385 386
4 395 363 128 473
2 160 282
4 7 376 71 493
3 61 305 504
4 359 128 318 473
4 216 379 195 253
4 189 142 284 194
3 316 73 228
2 199 147
3 384 187 287
3 465 248 206
3 169 497 408
4 74 155 17 64
3 319 447 188
4 481 461 273 202
3 133 84 82
3 300 92 1
3 313 427 361
2 314 277
4 479 40 426 254
4 494 253 216 364
3 181 449 29
4 405 305 72 139
3 110 413 14
4 219 434 135 462
3 18 368 187
4 117 265 358 126
4 358 83 410 442
4 428 270 125 50
2 474 68
4 29 89 449 357
3 223 47 129
3 480 128 395
2 200 354
3 147 246 35
4 347 517 122 170
4 168 480 359 391
3 141 448 130
4 443 483 5 469
3 464 417 104
3 39 519 153
2 172 480
3 239 217 525
3 48 488 505
4 65 222 438 95
5 176 512 179 19 52
4 504 381 305 471
3 517 170 296
3 281 352 145
5 211 169 456 370 497
4 124 154 210 115
4 386 255 432 269
3 187 290 287
3 205 322 527
3 240 382 14
3 100 321 328
4 445 286 34 276
4 10 464 104 417
4 398 416 424 104
4 162 234 297 423
3 518 525 124
3 513 69 79
2 332 54
4 343 132 213 218
4 91 418 481 297
3 417 144 205
4 163 448 463 251
5 378 22 464 254 10
3 376 493 71
4 72 139 387 270
3 326 164 33
2 52 468
3 433 36 114
4 442 269 410 255
3 350 431 304
5 383 135 512 462 176
3 153 445 342
3 227 523 282
5 2 520 118 511 252
3 403 37 95
3 500 32 74
3 499 343 132
5 84 203 107 158 513
3 83 432 386
5 486 78 397 293 5
3 193 466 12
3 435 415 34
2 202 495
4 81 143 522 372
4 396 96 163 425
5 380 29 357 389 89
4 201 499 132 343
3 184 335 173
2 87 278
3 237 487 230
3 238 145 281
3 146 329 150
4 408 18 497 301
2 320 489
2 185 58
4 304 196 114 26
5 288 85 302 121 237
4 297 202 481 373
4 135 383 176 434
3 425 96 268
5 426 254 398 10 416
3 13 76 369
4 71 493 262 444
3 273 521 261
3 430 223 129
3 5 397 160
4 349 295 353 476
3 305 405 139
4 322 312 310 159
5 128 359 221 363 318
3 522 388 266
4 496 510 520 2
4 353 470 161 62
3 76 13 109
2 524 209
4 17 64 378 40
4 400 51 391 395
4 423 373 461 202
3 92 1 279
4 397 5 186 160
4 129 47 60 45
4 269 255 100 99
4 337 443 78 293
5 453 63 306 230 111
3 402 25 323
3 457 122 347
3 161 152 336
3 25 323 326
2 32 155
5 427 361 193 71 466
3 208 379 216
3 446 273 261
3 241 150 475
5 370 408 301 456 18
3 352 44 20
4 515 440 201 450
3 97 439 32
3 111 36 350
2 70 101
4 290 287 178 21
4 268 61 405 362
4 215 402 323 25
4 144 205 527 322
3 108 38 214
3 60 45 59
5 167 355 93 356 339
3 150 245 475
3 520 252 437
3 434 19 404
4 158 441 420 106
2 171 347
4 204 499 177 201
3 207 153 519
4 394 122 406 170
3 88 419 24
4 399 516 311 153
5 475 245 511 2 437
3 467 224 108
3 447 319 474
4 436 282 198 67
3 164 478 140
4 401 88 24 419
2 325 184
3 506 412 310
3 41 332 249
3 155 64 17
3 54 349 309
434
4 377 176 200 154
3 303 179 124
3 232 167 27
3 196 161 51
4 124 179 403 151
5 32 308 24 323 256
4 111 407 110 265
4 320 81 249 191
4 71 138 83 276
4 269 86 422 73
4 74 349 89 419
3 243 273 212
4 153 65 40 169
3 280 26 221
4 423 353 241 205
3 296 253 19
4 275 352 343 357
5 89 419 190 129 105
4 391 296 202 16
3 233 80 172
3 92 103 288
5 51 379 338 382 388
4 31 395 84 351
4 6 399 256 147
4 35 192 175 286
3 14 433 284
4 50 232 313 3
3 286 297 392
4 359 361 121 54
4 306 309 363 344
5 222 375 23 395 413
4 331 223 6 308
5 94 97 71 424 138
5 322 120 177 137 306
3 90 76 25
5 257 354 120 158 322
5 46 197 331 225 223
1 375
3 54 189 114
4 13 96 169 211
5 415 56 133 85 270
4 332 343 193 247
3 159 156 244
4 292 408 294 317
3 367 339 386
4 55 37 197 225
5 205 353 155 285 82
4 182 302 153 65
5 52 325 387 185 416
3 312 27 232
5 4 376 22 379 382
4 350 49 325 185
3 75 356 250
5 361 359 39 29 121
2 102 46
3 252 85 41
5 72 229 398 287 335
3 326 271 299
4 406 204 400 334
3 364 150 217
3 261 250 75
4 433 112 328 141
3 187 233 272
3 294 152 303
4 195 48 381 13
4 84 351 296 391
3 180 345 78
4 430 149 267 102
3 314 212 243
2 422 360
3 33 424 9
3 186 57 287
3 281 10 187
3 219 11 349
5 131 261 53 61 250
4 147 192 90 35
3 245 318 262
5 136 180 194 67 345
4 383 271 295 405
3 20 206 432
5 253 202 333 320 8
4 285 47 311 155
4 9 263 196 276
5 23 413 66 351 319
3 56 270 41
4 416 281 269 10
5 329 118 181 203 304
3 220 316 330
3 11 148 18
5 399 147 35 76 192
2 378 255
3 123 21 288
3 347 396 312
4 342 337 33 97
2 142 288
4 40 169 324 277
5 337 342 424 94 33
3 288 136 180
4 224 251 266 264
3 429 278 109
3 420 370 231
3 207 68 55
3 21 288 180
2 388 213
5 129 18 118 190 329
4 425 356 373 198
3 172 219 208
4 217 246 417 366
4 168 186 100 278
2 7 119
3 157 7 407
3 284 236 62
3 356 198 373
4 121 39 128 410
3 300 183 421
5 401 384 372 427 139
4 200 354 135 257
4 105 203 329 87
3 110 385 125
4 36 158 137 34
3 29 54 114
4 134 434 199 215
3 191 92 142
4 152 2 5 179
4 327 119 163 385
3 150 289 217
2 396 321
4 114 292 410 408
4 419 105 18 190
2 160 365
4 315 279 75 261
3 374 282 239
3 41 184 393
4 144 336 122 199
3 154 257 117
3 98 78 180
5 120 322 306 34 177
4 424 33 263 9
4 427 116 165 372
3 164 230 430
4 236 62 237 328
4 249 191 95 123
3 330 347 396
3 290 244 134
3 414 407 157
3 434 215 164
4 256 24 76 90
3 349 419 89
3 218 207 68
4 365 126 364 60
3 179 280 5
3 64 124 179
4 48 195 13 381
4 174 1 135 200
4 47 307 82 311
4 173 178 159 43
3 418 111 145
5 354 257 322 36 120
3 426 43 156
3 183 300 130
4 276 376 196 4
2 344 291
2 125 279
4 146 140 230 218
4 139 369 301 409
3 247 411 193
2 3 394
3 366 246 109
5 381 13 211 40 96
2 267 197
2 408 317
4 206 20 107 432
3 201 368 156
3 176 377 154
3 25 286 392
4 341 394 174 1
3 34 137 363
3 156 290 244
5 2 152 151 124 5
5 103 98 67 136 78
3 87 203 260
3 297 48 302
4 358 160 300 115
5 133 270 298 393 245
4 325 52 416 49
4 109 72 278 229
3 73 422 63
3 385 315 279
2 39 410
4 18 129 329 105
5 333 8 123 249 142
4 76 90 286 25
5 42 247 358 166 411
3 78 397 314
3 302 65 153
4 83 276 4 161
4 170 225 46 37
4 113 106 258 283
4 227 134 215 122
3 1 117 154
4 311 307 173 368
4 19 320 253 81
5 118 329 304 87 181
3 239 334 59
4 241 15 47 353
4 272 233 172 80
2 149 102
4 432 107 349 219
3 412 235 214
3 390 414 404
4 169 40 277 324
4 69 243 305 12
3 104 274 310
3 226 390 209
5 199 122 268 434 146
4 298 245 262 318
4 60 126 108 289
4 230 164 149 430
3 107 74 208
4 348 362 88 330
3 403 284 14
4 255 31 375 395
5 225 37 308 331 32
3 248 242 99
5 197 46 223 37 331
3 340 310 214
2 336 199
2 371 428
4 278 186 287 57
4 268 218 164 140
1 101
5 321 312 3 50 27
4 63 360 20 206
2 362 330
3 209 404 390
2 112 141
4 141 328 386 367
3 324 415 252
5 428 132 204 282 406
2 274 340
5 400 423 205 15 353
5 305 273 251 248 224
4 397 12 69 212
5 43 178 336 290 144
4 393 184 77 216
5 108 417 429 366 168
5 343 332 166 42 193
3 273 224 242
3 8 142 191
5 61 75 425 53 356
3 242 380 99
4 277 56 238 415
4 16 81 202 320
3 421 364 365
3 91 222 375
5 323 6 147 24 399
4 135 117 36 158
3 198 373 346
2 318 299
2 304 181
4 279 61 131 75
4 216 77 326 318
3 138 276 83
4 380 99 348 362
3 389 7 327
3 99 380 362
2 68 170
2 215 230
3 387 10 86
4 85 41 393 184
3 58 431 79
3 360 63 206
4 12 248 305 242
4 338 388 240 213
4 346 17 352 357
5 263 9 161 83 196
4 211 96 252 324
4 100 109 229 186
4 163 188 261 131
2 151 14
2 86 73
4 132 428 406 239
4 373 198 293 346
3 221 112 26
3 353 82 47
4 192 28 25 175
4 229 72 335 57
5 95 92 98 21 103
3 126 417 217
4 178 144 244 336
2 162 374
3 128 410 44
3 283 352 346
2 44 64
4 79 431 342 337
4 66 319 16 19
2 28 182
3 184 393 216
4 259 326 383 58
5 411 358 115 183 160
3 372 409 165
4 392 195 182 48
3 317 2 64
3 203 87 260
3 212 242 273
3 137 34 30
3 155 368 201
5 223 331 323 32 6
2 30 355
4 213 412 340 226
4 82 155 201 368
3 93 50 232
3 27 341 394
3 345 194 69
2 188 131
3 88 396 347
3 171 44 303
5 77 216 259 262 326
4 351 84 391 296
5 202 253 8 81 333
2 127 232
4 158 36 34 137
3 308 256 6
4 96 211 238 277
4 339 185 52 49
4 262 318 58 299
3 265 125 385
4 62 367 141 237
5 190 105 87 118 203
4 234 220 143 88
5 37 225 32 223 308
3 357 42 247
3 81 320 191
4 204 406 423 59
3 287 57 384
4 244 290 227 134
5 405 295 97 342 94
2 22 274
2 45 325
4 240 226 310 412
2 313 176
5 295 405 94 337 97
3 17 247 42
4 363 30 162 355
3 67 78 314
5 258 283 275 293 352
4 143 316 93 396
2 264 220
4 208 148 74 11
2 386 52
5 413 23 319 84 66
5 293 346 357 275 17
5 15 241 285 205 47
3 117 158 36
3 309 344 371
4 53 250 113 106
4 352 275 332 17
3 193 183 300
5 369 409 29 361 54
3 70 272 233
5 409 369 54 359 29
4 266 264 234 220
3 177 344 30
3 254 60 150
3 130 150 254
5 417 108 168 246 429
3 328 45 237
5 307 311 426 201 173
3 165 359 361
4 402 378 420 101
3 355 228 374
3 116 301 139
4 106 113 283 258
3 291 371 132
5 38 255 395 222 31
3 161 379 51
3 394 1 174
3 370 420 91
4 376 382 51 22
3 251 264 266
3 65 153 169
4 379 51 388 22
3 299 79 431
4 335 398 427 116
4 119 327 188 125
3 237 350 45
2 49 269
4 382 22 104 274
2 407 265
3 214 210 235
3 319 66 19
3 175 28 302
5 270 133 245 184 298
4 167 313 377 176
5 375 222 413 31 23
5 316 143 127 347 93
2 194 243
3 57 401 384
3 24 256 90
3 59 241 423
3 398 116 427
2 370 420
2 5 221
3 235 418 210
4 431 79 337 342
4 282 239 59 334
4 145 389 111 7
4 410 128 171 44
4 301 165 361 359
5 189 114 408 128 292
3 166 193 300
3 310 340 209
4 395 31 351 84
3 210 145 418
3 238 252 41
3 185 49 86
4 289 366 108 246
3 404 157 414
4 148 11 129 18
4 402 101 370 378
2 115 254
3 10 70 187
4 334 15 400 241
4 97 138 33 71
2 250 106
2 368 159
4 384 401 139 116
3 228 239 282
3 246 366 100
3 140 218 68
4 271 383 405 295
3 80 172 208
2 26 62
3 122 146 215
512
3 321 311 38
3 466 345 48
2 388 34
2 480 245
4 178 498 307 106
4 391 8 381 500
3 401 59 465
2 6 119
3 453 171 396
4 36 167 35 224
2 374 133
4 385 470 17 369
4 464 348 202 278
3 346 507 481
4 65 257 264 197
4 326 361 305 64
4 12 159 194 369
4 81 252 155 168
2 309 40
2 293 137
5 450 45 353 478 237
4 23 439 50 275
2 324 22
5 265 253 116 286 60
3 276 345 87
4 355 246 429 492
2 368 450
5 220 479 128 110 424
4 441 398 327 386
3 274 406 284
4 205 173 190 477
4 409 145 150 186
3 216 251 347
2 3 409
3 10 458 222
3 62 111 10
4 501 178 44 498
4 1 440 199 309
4 496 406 208 302
3 19 343 366
3 328 300 82
2 351 502
2 502 284
4 243 501 498 37
3 463 478 21
3 116 60 348
3 278 292 392
5 180 466 276 2 345
3 292 267 78
4 279 275 22 439
2 505 283
4 370 204 102 89
3 230 201 497
3 425 343 158
5 386 327 77 487 322
2 177 269
3 482 489 123
4 218 117 84 452
5 419 430 412 401 7
4 286 24 367 46
3 360 248 363
4 266 95 36 111
4 336 490 335 480
4 169 16 121 108
4 451 74 15 257
4 362 149 259 148
3 397 382 429
2 254 294
5 258 184 90 170 384
5 92 476 340 151 163
3 235 251 350
4 488 471 177 443
3 302 511 208
4 402 333 257 65
4 234 281 344 337
5 301 161 81 435 252
3 55 487 378
3 461 49 400
3 442 211 179
4 331 390 189 411
4 76 435 18 227
4 413 41 291 300
3 449 313 142
3 58 120 397
3 87 229 210
4 105 387 240 341
3 25 85 210
4 162 200 444 375
3 204 206 52
3 69 230 504
3 343 349 158
3 100 70 476
3 121 108 389
4 411 189 270 109
4 372 111 266 62
3 497 315 201
4 262 166 176 377
4 164 193 473 118
3 246 492 253
3 275 92 476
2 474 259
2 52 365
4 175 165 319 139
2 446 195
4 364 86 387 317
4 498 415 5 307
3 123 205 173
5 305 64 420 121 93
3 189 132 94
4 479 220 424 28
5 95 266 167 62 36
3 113 221 231
3 236 112 283
2 233 248
3 371 156 408
2 24 46
5 416 460 120 218 58
4 193 164 449 98
5 8 500 483 247 129
3 117 452 84
4 64 305 93 108
3 358 185 195
5 431 482 107 57 489
4 174 133 179 442
5 209 140 306 226 506
3 182 207 414
3 267 196 400
2 28 512
5 247 119 427 483 364
3 398 386 327
3 495 298 394
2 109 326
3 11 442 124
3 281 234 337
3 165 139 319
3 241 507 228
3 20 274 502
3 412 468 152
4 135 103 416 460
5 445 192 226 209 125
2 481 236
5 310 83 333 313 402
4 176 290 490 336
4 447 470 448 385
2 32 268
3 306 430 383
3 322 238 378
4 259 66 479 220
4 66 259 220 479
4 462 409 186 32
3 476 163 70
5 465 138 175 468 165
5 195 185 338 249 299
3 486 505 481
2 18 162
3 115 408 301
3 439 275 476
5 54 91 508 349 198
3 470 369 17
4 203 499 261 494
4 181 435 301 76
5 155 168 88 200 459
5 151 70 272 340 219
3 414 98 118
5 468 152 135 175 103
5 353 237 377 262 97
3 111 224 10
4 227 18 200 162
4 361 326 64 305
3 184 384 69
3 9 428 260
3 173 477 190
4 489 107 172 31
2 469 124
4 152 468 103 165
4 97 143 290 187
5 72 359 56 443 239
2 37 5
4 124 455 79 211
3 344 48 466
2 408 161
3 248 126 363
4 198 508 308 304
4 196 395 170 69
4 122 249 195 153
3 150 32 191
3 290 176 336
4 375 368 320 456
4 80 109 411 94
4 31 172 192 477
3 186 431 482
5 190 477 209 445 140
3 207 118 98
4 17 510 334 273
5 104 122 153 185 249
3 127 400 184
4 433 15 280 264
3 349 158 183
4 38 288 405 309
4 168 459 162 88
4 53 497 213 96
2 13 392
5 280 379 160 499 457
4 250 89 370 52
2 107 31
2 89 376
2 126 193
4 39 312 73 511
4 192 445 125 140
5 352 87 216 85 229
4 79 179 393 455
2 511 403
3 201 321 311
3 394 436 398
3 277 256 254
3 210 33 229
4 475 418 225 484
4 460 416 58 117
4 340 163 426 272
5 149 148 28 479 110
4 112 231 446 358
3 491 35 263
2 436 441
3 167 491 10
3 217 314 325
3 140 506 125
3 252 81 168
5 512 241 346 136 507
4 85 210 347 216
5 90 384 53 504 497
4 283 417 112 221
4 271 495 295 298
3 312 114 403
5 423 373 75 281 134
4 347 71 251 354
3 141 113 283
5 478 21 262 353 166
3 147 448 447
4 443 177 318 269
4 86 317 293 351
4 424 136 512 228
3 282 469 374
4 493 399 44 501
4 294 255 373 423
3 4 437 380
4 26 99 492 330
4 500 129 119 483
4 114 182 360 61
5 185 195 299 153 338
2 458 204
5 33 347 354 235 71
4 435 76 227 18
4 99 330 286 24
5 404 277 68 215 256
3 256 303 244
4 215 254 255 294
4 74 433 65 15
2 395 69
4 101 148 66 149
4 332 171 488 471
4 160 457 494 296
3 237 97 166
3 222 458 370
3 15 379 197
3 330 24 286
5 389 372 62 95 111
3 49 127 400
2 145 482
5 56 239 287 318 328
3 94 361 326
3 304 232 295
5 163 340 323 219 426
3 334 194 485
2 137 30
5 50 22 100 439 157
4 48 25 345 438
5 316 291 215 404 254
3 348 47 13
3 314 324 50
4 197 203 379 499
5 373 423 134 234 75
3 329 242 432
4 51 236 231 113
3 43 496 30
2 323 357
4 253 265 60 24
4 269 318 413 328
3 440 309 199
3 299 407 410
4 377 187 176 143
5 82 300 404 316 277
3 47 49 461
3 240 341 20
3 68 256 244
4 308 271 298 232
2 494 261
4 455 399 393 493
4 295 232 421 131
3 249 153 289
4 41 316 82 291
3 156 76 161
4 406 496 73 39
3 255 423 373
3 508 271 183
4 16 169 108 121
2 125 146
3 5 106 467
2 183 295
4 288 38 19 199
3 473 142 313
5 315 213 440 321 1
2 208 233
5 83 310 402 142 333
4 225 325 279 324
2 96 311
4 300 277 291 404
4 387 105 341 240
4 239 328 269 287
3 103 135 460
3 444 456 188
3 213 1 311
3 487 55 147
3 272 285 426
4 325 23 314 279
4 484 324 225 314
5 132 270 16 361 169
4 29 130 487 55
4 318 269 41 287
2 437 282
4 492 246 265 253
3 339 80 342
3 396 260 428
4 142 313 451 74
3 369 273 194
3 63 480 422
5 187 143 63 490 480
4 134 75 466 344
3 153 249 410
4 510 331 485 390
4 70 219 163 272
4 317 86 351 293
3 390 331 411
5 40 366 91 425 54
4 75 180 337 466
5 2 48 438 276 25
2 228 14
4 229 235 33 251
4 46 278 464 13
4 91 198 158 508
4 71 503 454 371
3 341 240 42
2 438 210
3 21 166 237
3 251 235 454
3 382 397 26
3 426 434 357
5 285 356 472 434 453
3 417 221 122
3 471 443 177
3 403 61 248
4 270 169 326 16
2 467 66
3 61 182 414
3 483 129 105
4 102 418 376 475
4 405 425 40 343
2 60 464
3 188 27 456
4 159 12 334 17
3 263 52 204
5 454 350 115 503 408
4 420 95 389 266
5 244 303 281 423 234
4 432 11 242 469
3 459 88 188
3 206 475 365
3 166 290 97
3 77 447 147
4 264 499 280 203
3 422 245 509
3 407 500 6
4 452 355 397 67
4 506 419 146 430
4 170 69 504 230
3 448 144 12
4 130 29 55 487
4 427 317 105 86
3 3 462 409
3 93 266 372
4 485 339 342 80
2 410 6
3 202 47 461
3 211 493 297
3 131 214 436
3 400 258 184
3 472 332 9
4 84 67 382 355
3 214 130 29
4 297 501 493 243
5 78 267 395 127 196
4 430 419 7 59
4 313 142 74 451
3 212 233 360
4 291 316 254 277
2 199 366
4 30 302 496 39
3 289 410 381
5 503 371 181 115 156
5 34 388 32 462 150
4 338 391 289 407
4 342 80 94 189
2 59 138
2 287 82
3 363 126 164
2 106 474
3 139 117 218
2 231 358
4 365 484 475 217
3 383 59 401
2 108 372
2 298 436
2 335 380
5 303 244 234 373 281
3 110 28 241
3 366 54 343
4 219 272 356 323
2 129 387
3 171 332 471
3 67 492 26
4 146 383 401 59
2 191 123
3 509 374 282
2 257 197
3 356 453 357
4 161 252 76 81
4 421 223 394 214
2 245 329
3 345 276 352
4 22 50 157 275
3 311 288 38
2 223 29
3 133 79 124
4 359 72 239 177
3 88 459 320
4 477 140 192 209
2 221 104
3 378 144 238
4 238 385 144 470
3 118 83 473
2 27 21
3 333 402 65
3 120 58 382
3 434 357 9
4 354 371 350 503
3 179 297 211
4 320 188 463 368
4 499 203 494 261
3 35 250 263
4 200 162 375 444
4 319 139 218 117
3 392 292 78
3 388 150 409
2 456 45
3 367 13 348
2 7 152
5 337 344 2 180 48
3 307 362 474
4 138 165 152 175
3 242 374 174
4 144 448 159 12
5 428 260 359 488 72
2 357 396
3 98 310 449
3 415 101 467
5 376 365 217 418 484
5 157 100 151 92 70
5 172 31 445 190 192
3 45 237 21
5 148 149 110 220 28
5 490 336 4 63 335
4 14 141 154 505
4 268 191 57 123
4 119 247 364 129
4 418 475 325 217
3 273 390 339
2 507 154
5 327 386 322 55 77
3 260 72 471
3 57 123 173
4 143 480 336 63
2 224 222
5 429 26 330 246 99
4 393 297 243 399
4 457 160 261 296
2 232 131
4 284 39 406 302
5 504 230 96 53 201
4 44 37 106 5
5 379 280 457 203 160
4 381 6 247 119
4 399 37 243 44
3 42 43 137
4 350 454 408 371
4 384 90 497 230
3 154 481 51
3 226 125 383
4 136 228 486 14
4 158 349 304 183
2 380 432
2 194 339
3 73 208 212
3 128 228 241
128
4 23 93 101 87
2 36 90
4 29 92 42 7
2 33 84
3 89 112 26
3 22 57 113
5 103 3 120 42 17
4 30 9 109 123
4 28 104 30 8
3 71 106 54
4 126 16 22 47
3 105 35 79
2 111 61
4 113 73 57 124
4 52 86 20 49
3 102 58 11
3 42 7 85
4 99 72 127 128
3 110 105 79
5 70 52 49 15 86
2 50 69
4 11 6 47 113
4 127 40 1 93
4 75 51 50 55
5 27 53 51 119 75
4 5 71 54 106
3 46 25 53
3 115 9 30
3 101 3 92
4 78 28 8 9
3 49 39 125
5 107 74 97 65 36
4 67 43 4 45
4 114 80 72 99
1 12
3 65 32 2
3 87 92 101
5 95 122 77 64 48
3 31 67 43
3 128 93 23
2 125 43
4 3 103 17 7
5 41 39 94 67 33
2 109 89
3 94 33 84
3 77 48 27
4 58 11 113 22
4 64 38 62 46
5 20 15 31 86 125
2 24 21
5 25 119 55 75 24
4 54 106 15 20
4 62 119 27 25
3 26 10 52
4 51 75 82 24
3 98 118 110
4 6 113 124 14
2 16 47
3 121 74 107
2 88 102
4 13 121 76 117
2 48 53
3 97 116 90
4 122 48 38 77
5 74 107 36 32 97
4 120 115 85 91
4 39 33 43 94
2 80 99
3 21 111 76
2 106 20
3 112 10 26
3 34 128 18
4 14 108 124 96
4 59 65 107 32
5 119 25 24 51 55
4 69 117 61 121
3 38 64 46
3 91 115 30
3 19 12 114
2 68 34
3 123 109 112
2 55 111
4 118 98 105 110
2 45 4
5 17 120 91 66 115
4 15 20 125 49
3 93 37 1
3 60 126 102
2 44 5
4 2 63 98 116
3 85 66 78
4 37 103 29 3
5 40 127 87 23 1
3 43 67 45
2 108 38
4 124 73 122 108
3 32 65 63
3 90 56 83
4 68 34 18 128
2 117 107
3 1 29 37
3 60 16 88
3 92 7 42
2 9 123
3 83 12 19
4 10 26 70 52
5 100 59 32 74 65
3 73 95 96
3 8 44 81
3 56 83 19
3 82 13 69
3 81 71 5
5 47 22 14 6 57
2 79 34
4 66 85 28 78
3 63 118 90
3 76 61 100
3 116 83 56
4 53 75 25 51
3 7 66 85
3 61 76 59
3 96 64 38
3 104 8 81
4 57 14 96 73
4 86 49 41 31
2 88 11
4 18 128 23 93
5 72 99 40 18 127
488
3 209 414 35
4 208 144 184 365
2 119 350
3 416 354 210
3 215 254 250
2 187 403
2 279 197
3 331 435 406
5 227 262 165 26 295
5 483 129 87 319 209
3 355 327 121
5 263 170 166 37 334
2 268 333
2 113 200
2 378 376
4 288 82 180 176
4 243 301 277 205
4 390 256 411 313
4 236 64 413 181
3 317 109 341
3 333 235 148
3 464 213 389
3 325 378 462
2 105 296
4 475 393 486 310
3 262 295 9
3 391 90 461
4 461 332 90 452
3 246 96 290
3 222 254 215
5 216 214 164 78 325
3 337 382 394
3 225 360 249
3 244 440 308
4 87 209 439 1
3 274 203 104
4 170 263 334 12
3 485 232 476
3 332 211 422
3 292 416 95
4 88 424 175 97
3 137 76 420
2 224 361
3 424 393 475
4 425 355 385 188
2 484 399
3 233 364 255
3 198 480 89
2 123 336
3 380 287 394
2 96 122
4 400 276 317 201
4 315 75 89 198
3 254 404 250
4 152 220 146 321
4 169 419 127 456
3 138 150 192
3 103 362 224
5 479 449 275 60 448
5 449 479 448 59 275
3 446 351 280
3 473 398 402
3 383 410 212
4 353 181 236 19
2 94 194
3 264 222 202
4 448 275 484 247
4 326 92 182 471
4 194 339 274 454
3 278 342 392
2 342 96
3 238 446 280
4 321 220 436 443
2 163 147
4 312 161 198 53
4 42 144 420 208
3 80 107 461
3 214 325 31
3 231 107 299
4 299 77 107 391
2 150 196
3 108 176 16
5 147 298 465 167 309
3 151 469 323
3 440 385 425
3 290 122 483
3 10 35 209
4 159 281 41 324
3 53 455 48
4 27 461 452 28
3 392 386 342
4 280 135 326 68
4 196 192 457 230
2 65 395
3 267 344 40
5 71 386 51 246 29
4 175 41 346 424
2 460 284
4 112 485 158 463
2 259 138
4 307 472 178 234
3 195 260 242
2 477 58
5 454 274 136 36 203
3 442 24 403
4 463 485 476 232
5 79 299 391 80 77
4 205 277 82 185
4 20 418 238 446
3 291 298 147
2 186 389
4 364 99 320 158
3 450 14 399
4 369 335 231 409
3 206 306 487
5 359 411 291 482 163
4 393 475 310 486
2 409 299
3 182 471 3
3 318 413 316
2 327 11
4 51 228 290 86
4 370 368 49 140
5 366 245 216 193 214
4 219 302 141 388
3 426 152 374
4 56 337 456 382
4 178 234 305 441
3 228 319 10
4 310 431 430 405
2 301 205
3 470 401 156
4 347 447 371 268
2 330 153
3 92 471 182
4 104 442 203 187
2 367 42
3 100 57 150
3 480 191 466
4 204 123 340 336
2 125 437
2 260 255
3 429 236 353
4 76 154 208 2
3 413 270 316
5 374 152 321 55 220
5 74 110 83 298 167
4 396 229 21 235
3 179 155 330
4 272 81 138 57
3 373 84 407
3 126 55 146
5 134 283 252 241 314
4 144 208 365 184
4 173 171 358 149
5 328 132 172 401 183
3 174 222 215
4 320 112 463 99
4 165 88 281 324
2 229 419
5 250 404 315 312 75
4 379 219 361 302
3 482 116 74
3 31 462 325
3 9 159 281
2 12 237
4 298 147 309 83
3 472 234 178
4 357 56 419 381
3 427 37 12
4 293 179 173 155
3 156 434 183
3 237 155 171
2 202 157
3 324 97 41
3 82 373 16
4 407 186 323 464
4 101 168 128 441
3 171 149 358
3 16 469 373
4 64 318 19 413
4 68 135 119 477
4 401 156 195 172
5 2 154 429 365 273
4 277 205 288 108
2 177 111
3 203 136 6
3 385 45 327
3 261 371 347
3 443 363 436
4 139 331 466 488
4 57 433 196 93
4 245 366 214 124
2 65 69
4 183 102 434 242
4 81 93 192 433
2 7 487
4 75 315 48 53
4 478 289 249 297
3 14 272 259
3 300 52 418
5 481 264 174 66 222
5 36 104 187 136 442
2 368 140
5 131 17 108 277 185
3 423 115 487
3 410 212 292
5 420 76 2 144 154
5 319 10 1 87 35
4 344 473 4 354
5 39 422 449 285 479
4 468 63 329 207
3 22 227 389
4 193 124 78 31
4 157 30 5 254
2 124 31
5 384 311 271 253 343
3 363 453 372
2 162 125
4 55 146 443 73
4 284 376 421 367
4 66 202 30 157
2 352 390
5 350 58 43 362 379
3 270 316 33
2 455 466
3 213 389 9
4 122 290 129 483
4 148 160 235 357
5 433 93 307 457 472
3 114 409 79
3 38 106 377
4 387 260 47 255
4 168 101 441 128
4 21 148 357 229
4 143 353 19 64
3 166 334 173
3 109 72 446
2 358 283
2 444 451
3 283 314 153
5 434 195 387 102 260
4 451 304 17 301
4 406 34 435 308
4 474 193 366 124
3 386 29 96
3 275 450 67
2 394 426
4 33 297 199 289
3 5 54 161
2 340 392
2 153 257
4 311 343 217 271
4 30 54 215 5
4 142 233 397 47
4 408 313 390 18
4 252 314 311 417
3 266 306 481
3 399 100 200
5 102 242 142 387 233
3 476 189 347
3 389 26 9
3 303 12 37
3 459 66 202
5 356 296 400 338 276
3 487 258 459
2 329 95
4 371 133 13 438
2 421 420
3 145 225 316
5 217 253 345 343 286
2 200 150
3 365 184 353
4 69 36 454 104
5 59 60 247 448 67
4 338 265 300 52
4 17 185 205 108
3 336 70 392
3 428 412 7
5 72 61 92 351 326
5 295 165 324 159 88
2 339 454
3 239 241 153
3 98 221 376
4 422 479 211 449
4 343 271 412 428
3 50 322 426
2 185 16
4 199 249 303 297
4 29 86 122 228
3 116 482 110
2 207 40
2 334 171
3 412 428 423
3 26 9 281
3 24 338 265
4 249 199 427 289
4 110 167 147 83
4 118 80 79 107
3 276 400 201
4 304 131 243 17
4 361 162 388 125
2 289 263
3 437 301 243
3 128 441 415
3 115 459 258
3 230 101 472
3 435 244 34
4 167 83 474 465
4 117 25 130 430
4 257 253 384 217
4 404 75 161 315
4 256 359 18 411
4 241 153 417 257
4 161 312 53 198
5 120 145 360 270 225
3 52 20 418
2 181 120
3 129 209 10
4 397 364 158 112
3 146 55 73
2 287 445
3 84 464 177
4 281 159 175 88
4 78 31 23 164
4 351 280 68 92
4 188 355 11 121
2 398 156
3 212 410 267
3 149 358 134
3 191 8 488
3 28 39 422
4 13 438 21 396
4 37 12 293 237
4 439 414 409 114
4 49 140 278 340
3 127 456 32
5 296 356 276 265 400
3 395 282 69
3 140 251 336
3 418 20 446
5 70 392 71 91 386
5 253 217 286 271 345
3 95 210 416
3 271 343 428
4 97 424 475 393
4 377 261 133 189
2 425 440
4 431 405 468 383
2 3 224
3 61 326 280
2 432 223
5 273 429 64 143 236
4 4 210 402 473
4 45 385 11 327
3 403 265 338
3 235 229 169
4 155 179 239 330
3 313 116 482
3 316 478 33
3 43 302 162
3 58 379 224
4 190 436 218 375
4 47 112 397 320
5 154 2 273 184 429
5 467 474 124 245 193
4 376 137 221 421
5 372 453 204 370 123
3 414 439 114
3 453 123 368
3 189 268 133
4 375 218 368 453
4 176 151 180 469
3 445 126 146
4 458 363 372 453
4 15 367 284 221
3 232 476 347
2 23 15
3 362 224 162
2 382 50
3 419 169 456
4 456 127 380 32
3 405 63 349
3 417 217 311
5 85 425 188 45 355
4 91 342 246 96
3 242 233 260
3 302 444 125
5 111 22 262 213 227
4 223 408 18 256
4 107 80 27 461
5 251 278 91 70 342
4 44 346 117 25
3 32 248 50
2 94 339
3 438 148 333
3 255 320 364
3 62 328 470
3 46 113 259
4 265 338 52 300
3 132 183 156
4 354 473 470 62
3 6 105 356
3 54 312 161
3 130 383 349
4 488 244 8 435
3 469 151 177
3 415 256 390
4 335 118 114 231
3 63 207 329
4 18 313 482 116
4 286 294 428 279
4 19 181 145 120
3 1 369 335
3 305 432 408
3 40 4 344
3 314 384 257
4 201 317 341 109
4 160 381 169 56
4 269 42 208 76
3 221 367 269
5 452 332 285 39 211
2 294 206
4 41 44 97 346
5 348 440 45 85 385
4 248 287 126 445
2 297 170
5 345 286 279 412 294
4 184 365 143 353
3 486 310 130
2 130 349
3 441 352 415
4 192 196 230 457
3 172 242 195
4 8 406 308 244
5 73 443 458 190 363
4 141 444 304 451
4 447 268 396 333
3 35 335 369
4 34 85 348 425
5 234 178 432 128 305
3 136 203 105
4 220 190 73 436
3 388 240 437
3 322 426 374
5 341 109 61 238 72
2 133 438
4 60 59 67 275
4 211 285 60 59
3 247 113 484
3 240 437 243
3 90 28 422
5 218 375 370 372 368
4 282 69 104 274
3 89 226 480
5 381 56 382 127 337
4 93 433 472 230
2 436 375
4 306 266 264 481
2 462 98
5 77 391 28 27 90
3 164 460 23
4 158 99 106 485
3 323 177 22
4 83 467 309 474
4 226 139 488 191
2 465 366
2 349 212
4 180 373 407 84
3 402 132 398
4 135 68 477 119
5 457 230 168 307 101
4 210 62 354 402
4 309 465 245 366
4 346 44 25 117
4 106 38 261 377
3 471 182 103
2 360 199
4 285 211 59 60
3 48 139 455
3 258 459 202
5 411 359 163 116 291
3 86 228 10
3 67 46 450
4 99 38 463 106
3 25 117 430
4 197 206 266 115
4 466 191 406 331
380
4 13 161 376 292
5 61 14 370 116 374
5 140 256 372 68 252
4 142 185 284 251
4 347 348 362 302
4 94 211 101 84
3 223 10 193
4 161 292 195 167
3 130 182 233
5 7 92 130 193 270
4 241 16 51 215
3 143 236 171
3 171 236 1
5 168 39 116 61 2
4 56 355 86 297
4 260 309 241 11
3 195 322 279
3 132 239 172
4 365 356 168 208
3 136 377 73
3 103 150 47
4 172 219 239 96
2 372 177
4 215 170 303 304
4 294 77 371 98
2 279 253
4 152 169 99 308
3 282 160 259
4 163 85 379 33
4 250 184 89 248
3 81 145 53
3 78 371 89
4 85 108 29 379
3 58 202 274
3 316 363 157
4 298 244 351 40
3 40 133 234
3 369 279 330
3 208 61 14
4 198 36 37 234
4 156 128 226 321
2 248 317
4 141 313 267 225
2 284 45
4 44 131 94 254
4 175 182 191 192
4 52 103 64 21
2 201 320
5 205 255 299 63 149
4 148 294 262 77
3 11 303 215
4 343 228 47 103
3 113 285 31
5 328 232 295 338 123
4 150 64 291 345
4 352 227 15 297
4 155 196 97 342
4 84 34 76 274
3 235 95 237
2 189 73
4 39 2 14 116
2 218 92
5 255 205 149 49 299
3 47 150 55
3 321 316 363
5 121 139 88 210 229
4 367 230 157 111
4 256 140 252 3
3 144 244 298
4 308 249 99 243
3 170 304 109
3 339 124 113
4 60 20 178 216
3 332 132 100
2 80 171
3 211 274 58
5 262 50 98 294 25
2 98 32
3 183 296 126
2 358 75
3 257 31 113
4 222 305 117 164
3 346 360 152
3 101 6 58
5 178 216 33 163 29
4 15 297 326 176
4 272 327 128 156
3 66 129 300
4 32 250 248 30
2 180 352
4 206 179 223 218
3 62 193 10
3 146 341 336
3 45 6 254
5 221 214 119 235 59
4 239 22 153 137
4 57 342 357 337
5 77 294 78 25 371
4 27 308 243 70
3 315 74 172
4 254 84 6 211
4 200 380 340 197
4 228 21 52 47
3 188 339 165
3 220 222 334
2 111 375
5 203 275 378 110 115
3 33 289 379
5 71 280 368 204 288
5 275 203 115 107 378
4 157 67 106 144
2 349 126
3 72 53 81
2 126 242
5 110 107 194 378 122
4 14 61 374 2
3 334 164 82
3 120 276 262
2 95 273
5 278 158 118 276 148
5 288 368 66 139 210
4 378 115 154 350
5 338 54 127 295 159
4 165 257 339 72
3 166 177 310
5 112 79 114 296 258
5 123 295 358 159 331
5 87 151 321 156 41
4 88 229 221 300
3 10 9 233
4 251 284 364 45
3 74 18 172
4 37 234 323 271
5 320 201 264 266 265
3 322 195 369
2 207 20
3 219 96 290
4 164 305 241 260
4 368 210 121 66
3 209 3 68
3 263 318 43
4 265 264 4 359
2 331 12
3 230 111 69
4 31 146 285 341
2 145 93
3 293 269 315
4 276 120 50 262
4 63 49 269 293
3 21 55 64
4 327 272 156 128
4 83 287 27 169
2 96 283
3 122 194 217
2 243 57
5 151 87 41 128 321
4 35 111 67 230
4 259 276 278 120
5 295 123 331 127 358
4 28 325 278 259
3 1 8 167
3 268 245 188
4 216 178 29 85
5 117 82 138 305 260
4 245 188 124 104
2 311 125
5 292 161 322 8 195
2 19 14
4 287 308 152 27
4 24 303 71 280
3 75 12 13
4 100 132 22 18
3 197 286 181
2 217 256
2 233 46
5 281 86 347 326 348
4 23 311 238 125
4 73 85 216 163
4 312 242 218 91
2 341 90
3 366 173 343
4 9 233 344 46
3 354 314 79
2 30 268
3 264 359 4
2 350 209
2 370 189
5 317 162 104 245 165
2 187 60
4 379 354 289 314
5 46 344 220 192 247
5 344 46 247 191 220
4 92 7 270 10
3 115 350 154
4 8 167 17 135
4 249 243 342 57
3 231 102 173
3 244 40 351
2 253 330
5 290 283 102 380 231
4 48 266 320 134
3 34 263 373
5 237 273 107 275 110
3 280 288 109
4 225 49 255 63
2 242 91
2 374 136
3 356 39 19
3 186 217 140
4 139 121 229 66
3 6 101 76
3 313 225 267
2 361 360
3 300 235 95
4 309 11 24 51
5 377 73 163 178 85
4 154 350 174 209
3 179 62 91
2 22 137
4 191 192 105 247
2 129 95
3 105 82 334
2 91 7
3 301 346 360
4 212 43 205 255
4 41 321 363 316
3 336 355 56
3 286 103 52
4 210 66 300 129
3 67 157 144
4 380 200 197 340
5 329 362 338 328 54
5 270 130 175 9 182
5 351 40 271 37 133
3 214 59 95
3 12 240 13
4 59 203 273 275
3 177 324 310
3 18 96 22
2 236 376
3 138 11 16
5 114 258 206 312 179
4 99 70 155 196
5 69 375 198 298 36
3 162 165 188
3 335 353 325
4 192 191 277 220
3 89 30 42
2 70 196
3 371 30 89
3 359 4 131
3 68 3 311
3 26 330 199
4 364 45 101 94
5 267 225 63 205 49
3 174 68 3
2 124 81
4 296 126 312 242
4 325 28 158 160
4 305 164 16 138
4 271 335 323 353
4 118 148 77 50
4 202 141 318 313
3 134 185 142
3 266 134 142
4 201 320 265 134
3 43 212 255
3 184 162 317
5 149 299 332 293 147
3 193 10 233
3 234 261 133
4 310 324 87 151
4 119 275 237 203
4 76 58 373 34
5 273 237 110 203 107
4 158 148 120 118
2 247 334
3 160 120 158
4 17 26 369 38
4 304 170 204 109
2 297 176
4 353 335 28 325
4 153 380 290 200
4 4 359 44 131
3 53 341 145
3 173 366 228
4 360 346 169 152
4 204 109 121 368
3 108 314 190
3 137 200 283
3 55 345 361
4 376 1 167 8
4 299 149 147 269
4 50 25 77 98
5 54 338 159 123 127
3 79 258 126
5 355 56 281 15 86
4 375 69 36 244
4 49 63 293 269
4 229 88 214 129
2 333 224
3 348 329 5
4 51 304 24 170
4 303 24 280 71
4 82 260 164 138
4 357 337 356 319
2 342 337
4 169 70 27 99
2 16 215
3 125 238 272
3 252 166 177
3 258 179 242
4 318 263 212 43
4 289 190 349 183
3 147 332 100
5 65 226 35 363 367
3 42 268 188
4 373 313 263 141
4 337 357 365 306
4 48 134 201 266
5 128 156 65 41 226
3 167 135 17
4 133 353 261 335
3 238 327 272
4 246 282 259 160
3 86 348 176
3 324 151 87
4 362 54 232 338
2 302 232
3 38 253 199
4 159 127 143 358
3 269 74 315
3 345 301 361
4 277 105 117 222
5 261 323 246 353 282
2 93 227
4 307 97 319 306
5 232 328 123 54 295
3 104 72 124
3 102 231 366
4 285 145 180 93
4 196 307 57 97
2 181 52
3 182 192 191
3 333 55 291
3 224 83 287
2 176 5
4 326 176 302 5
2 314 112
4 194 122 186 217
3 36 198 234
2 90 56
5 323 261 282 335 246
2 190 183
3 227 297 15
4 306 208 365 19
3 97 306 319
4 127 159 80 331
4 185 142 251 284
4 213 224 287 83
3 291 333 213
3 5 328 232
5 226 65 367 316 35
2 131 254
3 319 19 356
3 340 181 286
3 363 316 67
4 109 139 288 121
3 135 38 279
2 2 187
4 25 98 250 32
2 3 23
3 274 318 202
3 116 2 207
3 106 298 244
3 240 292 1
2 20 216
4 107 110 122 115
4 29 33 190 108
4 283 231 200 102
360
3 50 212 144
3 87 62 299
3 238 72 234
5 185 47 97 111 46
4 64 303 322 167
2 53 25
5 263 48 91 300 195
4 124 170 222 202
3 153 182 245
3 120 96 291
5 138 86 174 224 259
3 356 119 226
4 178 110 244 39
3 164 160 294
3 143 25 273
3 285 356 55
3 216 89 116
3 29 150 203
3 319 123 308
4 92 186 125 318
4 149 207 120 197
3 227 103 148
4 316 38 225 93
4 198 65 302 106
3 6 153 15
4 346 120 291 96
4 206 205 61 239
3 359 129 171
2 139 18
4 130 260 134 57
3 241 165 337
3 337 43 255
4 110 39 88 221
4 355 58 170 70
3 76 331 254
4 306 229 65 198
3 194 210 348
3 218 93 23
4 244 13 315 33
3 199 334 114
3 154 179 63
4 44 323 282 335
4 32 165 313 255
4 309 223 42 335
4 278 280 240 219
4 111 4 215 97
4 181 111 185 4
5 186 318 300 263 7
4 114 344 213 269
3 90 1 118
3 322 310 99
3 62 351 299
4 179 154 6 63
4 146 145 320 286
5 233 285 193 16 356
4 259 174 164 79
4 108 30 181 134
4 350 122 70 34
4 169 242 354 100
2 292 201
3 27 86 239
5 103 148 52 87 2
3 41 53 143
3 112 5 167
4 36 94 250 24
3 192 129 178
2 81 183
2 134 185
4 209 122 117 350
4 58 355 124 34
4 341 305 73 85
4 3 234 180 328
3 272 85 71
3 320 286 327
2 286 81
2 304 35
4 327 81 268 183
3 299 351 155
3 265 56 294
4 158 333 171 359
3 75 67 77
4 202 126 222 290
3 129 192 281
3 347 342 196
5 73 71 142 305 253
5 61 239 224 138 11
3 148 2 62
4 33 315 205 206
4 17 343 116 177
3 358 50 270
4 7 300 101 274
3 113 20 125
3 38 175 23
3 229 198 65
3 345 132 358
3 10 26 319
5 4 111 141 46 215
4 151 104 257 339
3 51 304 254
3 283 59 230
3 91 131 274
4 175 225 187 307
2 22 62
4 236 271 151 98
4 256 332 163 128
4 250 24 233 285
4 288 121 130 260
3 260 57 134
2 142 295
2 13 33
5 47 185 46 4 97
3 349 188 64
4 253 142 92 295
2 40 49
3 163 217 194
5 251 17 177 89 343
4 209 350 69 122
4 270 50 144 212
5 12 284 334 226 199
5 21 197 10 346 26
5 204 152 231 288 107
5 69 117 355 350 58
5 19 360 289 308 267
2 70 8
5 295 92 318 20 186
3 82 292 211
4 257 339 278 279
4 332 217 105 163
3 28 83 66
3 107 30 260
2 101 293
3 95 232 338
3 334 199 344
5 30 108 68 57 181
3 357 235 248
2 159 242
4 313 262 216 276
4 239 11 86 224
3 335 29 282
4 243 200 330 357
4 97 241 215 147
5 85 305 109 253 113
3 63 15 153
4 118 1 238 212
4 289 166 146 54
5 267 289 54 145 166
4 215 141 337 241
4 275 22 87 62
4 180 328 21 207
3 282 301 18
3 155 98 104
3 214 288 121
3 25 143 9
4 160 168 41 53
3 78 151 236
3 200 357 330
2 298 325
4 296 184 80 333
4 201 311 136 326
4 14 154 168 179
2 248 306
2 291 360
3 105 128 115
2 56 14
3 31 255 43
4 145 146 286 320
5 303 64 310 5 322
4 294 179 160 154
2 326 59
3 34 202 8
3 80 192 28
5 269 213 191 173 340
4 213 269 340 172
5 11 224 265 259 56
3 93 102 264
4 254 200 331 243
5 116 89 223 343 309
3 66 13 244
4 168 160 53 41
3 72 317 149
3 57 134 47
4 9 273 297 347
5 67 77 332 268 256
4 340 333 296 158
4 68 4 47 111
5 20 125 48 318 263
3 102 264 349
4 307 252 349 112
3 344 269 213
3 237 287 293
2 172 296
3 171 66 83
3 55 284 356
4 115 336 37 210
3 300 7 274
3 247 84 272
4 207 346 21 120
3 94 36 24
5 226 119 40 334 133
5 176 331 156 243 140
3 60 314 159
4 170 82 8 222
4 18 301 298 312
3 353 121 288
5 88 221 261 206 27
5 221 88 27 205 261
4 328 197 149 21
2 311 326
2 69 117
4 336 324 194 37
4 290 126 314 292
4 1 118 246 144
4 49 189 173 172
3 249 240 152
5 46 97 147 141 241
4 137 276 17 251
3 128 336 115
3 324 38 348
5 280 278 249 45 240
2 312 352
4 315 33 206 205
4 8 202 290 82
4 177 323 309 44
5 86 138 259 11 174
3 23 264 102
5 284 12 199 119 334
2 228 22
2 293 227
4 235 94 306 36
4 100 354 321 277
3 121 288 260
4 321 345 358 132
3 106 302 55
4 246 317 3 72
2 135 229
3 266 104 155
3 274 190 293
2 144 3
5 261 27 138 61 86
4 45 219 353 214
5 141 215 31 147 337
4 136 326 283 59
4 331 176 140 200
4 281 178 39 13
3 273 9 347
2 212 234
3 297 196 342
3 330 161 135
3 219 214 353
2 65 106
3 329 216 116
2 188 303
4 305 85 113 142
3 99 176 35
5 165 32 262 43 313
3 268 183 105
4 98 127 339 279
2 287 275
4 224 11 56 174
5 231 107 108 130 30
3 205 206 239
4 255 276 313 137
5 318 186 7 48 300
4 225 175 307 187
2 174 79
3 351 299 236
3 308 123 146
4 77 256 183 332
4 189 49 172 173
3 338 90 118
2 104 339
3 196 73 341
3 15 245 182
4 195 91 237 101
2 258 148
5 262 313 329 137 216
3 354 345 230
5 127 279 45 280 219
5 339 257 280 127 278
4 279 219 278 45
2 83 244
3 42 150 139
2 242 100
4 193 356 226 119
4 302 106 16 55
5 166 54 75 320 74
2 190 258
5 152 204 107 121 231
4 123 308 145 146
3 222 82 211
4 26 10 162 319
4 126 60 211 314
4 131 237 228 190
3 79 168 14
3 109 113 125
4 191 340 158 184
2 182 247
3 203 312 157
4 2 52 78 266
5 48 263 195 7 91
3 150 312 203
3 24 285 233
3 252 167 5
3 310 76 99
4 71 253 85 142
3 161 36 229
3 264 102 188
5 360 19 267 123 289
5 343 177 44 223 323
4 167 304 322 51
3 314 208 159
4 301 220 203 298
5 43 255 137 262 276
4 211 292 311 201
3 39 221 88
2 348 23
3 234 328 180
5 125 20 263 186 48
3 96 291 19
4 54 166 74 286
2 230 232
4 5 167 51 310
4 223 309 335 42
2 210 218
2 352 157
4 208 159 169 242
2 74 77
4 317 72 207 149
2 276 251
3 140 156 248
4 35 243 176 200
4 183 268 128 105
4 184 359 158 80
5 119 226 133 199 40
4 323 44 139 42
3 217 210 194
4 147 241 32 31
2 132 270
5 271 98 279 257 127
4 173 172 184 296
3 342 71 272
3 84 247 341
4 89 116 309 177
3 133 189 49
3 277 95 232
3 197 26 120
3 245 182 84
3 37 316 218
3 187 112 188
4 117 69 58 122
3 52 266 78
2 220 325
3 240 249 204
3 59 277 230
3 122 34 70
5 16 55 12 193 284
3 156 140 135
3 232 95 90
3 333 28 80
3 162 308 123
106
3 77 39 37
4 32 75 47 71
3 31 44 26
4 45 99 5 63
4 4 63 21 34
3 100 26 44
3 65 100 31
3 57 82 105
2 63 34
2 50 22
2 60 47
5 13 94 54 41 85
4 66 12 94 41
4 83 64 81 33
4 19 79 36 86
4 84 46 95 96
5 23 52 80 35 38
3 44 26 55
3 58 93 15
3 49 101 48
2 5 28
4 27 92 50 10
4 25 43 17 52
3 96 51 95
3 87 28 23
4 6 3 98 18
3 106 22 50
3 21 43 25
3 37 97 39
4 76 55 46 84
4 91 7 3 100
5 80 38 2 75 71
4 64 83 70 14
3 9 5 87
4 52 38 17 80
2 15 37
4 36 29 1 39
5 35 17 75 80 32
4 1 37 103 29
3 48 58 74
5 94 13 85 12 54
3 105 94 66
4 28 87 52 23
3 3 6 18
4 97 103 4 63
4 30 61 96 16
4 2 56 11 60
5 104 20 40 101 74
3 90 89 20
4 92 27 22 10
5 24 95 106 68 67
4 43 35 23 17
2 89 104
4 12 41 59 62
4 18 61 76 30
3 47 57 60
3 56 8 88
5 40 74 19 93 79
3 54 85 64
4 11 47 82 56
3 55 84 46
3 85 54 83
5 99 45 9 4 5
4 59 33 83 14
5 70 81 7 72 91
4 78 13 42 94
3 68 51 92
4 95 67 51 106
2 73 89
3 33 65 72
3 75 32 2
4 81 70 91 65
2 102 69
5 101 48 93 40 58
5 38 80 71 32 2
3 98 30 55
2 86 1
3 88 66 105
4 93 58 86 15
5 17 35 32 38 75
3 14 72 65
3 60 88 8
4 62 14 64 33
3 61 30 16
4 41 12 62 59
3 79 77 15
3 34 25 43
3 82 57 78
4 69 102 53 49
2 102 49
3 72 65 31
4 67 106 50 22
4 74 79 58 19
5 42 66 41 13 12
5 16 96 68 24 51
4 46 24 16 95
3 29 45 103
2 26 76
3 103 63 4
3 7 6 31
4 20 104 74 48
3 73 90 89
4 39 99 97 45
3 53 48 101
3 8 42 78
4 51 68 27 92
108
3 64 102 83
3 101 103 88
4 58 37 100 52
4 108 21 29 99
3 45 61 28
5 59 14 79 104 76
4 27 95 9 66
3 103 101 60
5 7 24 32 66 41
5 65 46 81 69 108
4 54 98 82 19
3 19 46 65
2 22 33
3 83 104 6
3 98 65 46
4 76 79 68 87
4 75 26 31 20
5 38 71 97 92 35
4 82 11 12 98
4 31 17 63 26
2 4 91
4 41 32 13 23
3 89 22 84
3 95 66 9
4 88 60 72 39
4 17 105 20 63
3 34 96 7
4 62 45 106 5
3 81 99 4
4 49 67 54 43
3 75 20 17
4 9 89 41 22
2 13 107
3 61 106 27
4 92 18 67 49
4 86 70 93 78
5 72 80 77 58 3
3 68 87 18
5 60 88 80 25 72
3 79 87 68
5 66 9 22 32 89
3 99 47 91
3 57 30 82
2 63 94
5 53 55 5 62 28
4 12 15 69 10
5 42 91 90 85 74
2 107 83
4 97 35 30 57
4 52 53 51 55
4 100 55 50 53
4 77 3 50 100
5 50 51 45 55 62
2 30 11
5 51 50 62 53 45
3 105 63 86
3 67 49 43
3 80 3 37
2 102 6
3 8 39 25
3 5 34 106
4 55 53 28 45
5 20 26 44 105 56
2 84 1
3 15 12 10
4 24 7 41 9
3 35 57 30
3 16 40 38
4 46 108 10 81
3 36 93 103
3 87 92 18
3 25 39 37
2 90 74
3 85 47 73
2 17 31
4 104 6 16 79
3 37 52 100
4 93 36 101 103
4 6 40 76 16
3 39 58 37
3 10 69 29
4 43 19 11 98
4 48 1 14 102
2 23 64
4 91 74 47 90
3 56 36 93
4 40 16 71 38
3 2 25 39
3 32 41 23
3 47 85 73
5 21 99 85 42 47
4 71 35 18 97
5 94 86 78 36 70
2 44 93
3 96 24 7
3 106 95 27
3 18 92 49
4 11 82 15 19
4 29 4 42 91
4 3 77 51 52
4 78 2 103 8
3 1 59 83
5 70 78 8 101 2
3 14 76 6
3 26 56 63
4 28 96 61 34
2 33 48
3 69 10 4
298
4 273 251 284 179
4 219 170 107 206
4 276 160 48 201
4 86 182 145 225
4 98 280 77 142
4 143 97 207 230
4 129 168 44 32
3 227 121 195
3 269 178 71
4 23 40 245 89
4 172 288 62 76
5 205 90 267 252 138
3 17 102 105
3 105 209 85
3 113 75 222
5 262 137 235 218 122
3 111 13 105
3 188 277 141
2 286 25
4 287 56 114 271
2 229 276
3 139 35 250
3 64 296 10
4 237 241 27 259
4 19 223 165 239
3 103 45 265
4 24 126 193 185
2 257 115
4 118 210 120 247
3 261 187 226
4 66 70 117 52
4 44 7 134 42
2 187 246
3 225 196 145
3 216 149 22
2 215 44
2 208 223
4 232 90 298 205
4 57 273 211 251
4 10 245 75 113
4 220 151 254 266
4 168 32 167 125
4 125 167 176 212
5 36 129 32 7 168
5 163 174 203 103 26
2 296 245
4 106 70 180 66
3 236 201 3
3 135 91 115
3 204 200 61
4 213 132 290 248
2 70 31
5 140 234 110 68 198
5 56 271 133 79 57
2 93 257
3 20 114 54
5 79 54 39 133 211
3 197 289 101
2 181 88
2 110 83
3 221 50 224
3 11 76 124
4 265 296 191 64
3 191 63 23
3 73 156 104
3 180 47 31
4 275 157 290 213
3 234 198 53
3 95 274 164
3 47 52 31
3 269 158 9
2 250 184
3 130 136 65
4 210 247 297 238
4 40 233 113 15
4 288 119 11 62
3 5 142 214
3 142 197 214
4 271 57 54 133
3 230 207 243
4 284 92 279 127
3 222 242 231
3 60 135 257
3 212 240 153
5 102 14 137 209 262
5 264 116 4 182 225
2 194 170
3 59 187 261
3 245 10 113
5 38 298 252 205 12
3 49 161 115
4 81 268 127 208
3 198 110 55
4 242 222 199 231
3 119 69 124
3 147 253 255
4 138 267 291 6
4 151 266 5 280
4 239 165 258 147
3 160 150 192
2 289 58
2 13 85
3 174 26 45
4 186 65 166 155
4 184 17 14 13
4 159 282 47 283
4 2 295 244 112
3 131 194 219
4 153 240 263 292
4 53 60 198 93
3 175 17 184
4 244 107 277 295
5 89 40 15 75 233
4 196 271 20 56
4 28 49 227 91
4 158 178 182 86
3 31 216 294
3 132 29 120
3 76 95 124
5 128 118 247 29 210
3 8 195 249
5 218 16 157 235 275
3 253 129 215
4 62 119 164 95
4 134 42 43 167
4 27 193 229 260
4 279 81 208 92
3 248 132 120
3 123 7 44
3 183 73 136
4 285 177 108 194
4 51 118 248 128
4 54 79 211 57
3 32 168 125
3 83 49 257
5 274 183 152 130 73
4 85 218 262 16
3 252 12 97
2 171 22
2 231 53
3 18 181 272
4 280 78 5 77
3 267 6 291
2 201 192
4 4 287 34 196
4 258 147 255 253
4 217 99 96 146
5 256 249 159 173 282
3 35 175 250
2 100 204
4 41 254 98 280
2 136 186
4 176 84 109 292
3 195 256 249
4 156 104 285 166
3 65 186 155
4 122 213 275 67
3 71 116 264
4 148 173 106 282
3 3 100 201
3 91 195 227
3 246 163 174
3 162 293 45
4 124 183 69 274
5 25 202 217 239 99
4 104 177 155 285
4 42 212 125 43
4 7 44 42 134
4 292 288 263 172
4 87 206 219 2
2 294 139
4 263 169 11 288
4 249 282 148 159
4 293 162 103 45
3 149 111 250
4 43 212 153 240
3 166 194 131
3 9 264 116
3 270 1 279
3 283 66 47
4 277 188 59 141
4 116 225 86 4
3 164 130 136
3 72 111 105
4 193 27 260 229
3 152 104 156
3 88 33 30
3 295 18 181
2 203 191
2 207 220
3 189 64 63
3 144 100 228
4 259 185 27 126
5 177 285 87 131 108
5 161 227 154 8 121
3 34 145 114
2 78 58
4 68 53 93 110
3 94 234 231
2 50 232
4 48 3 144 160
3 223 239 165
2 45 189
3 150 50 221
4 298 38 12 90
4 170 219 244 2
3 6 190 80
5 127 92 37 268 286
3 14 262 85
5 29 120 74 247 281
4 133 57 251 39
4 167 84 43 176
5 157 275 51 67 290
3 77 78 289
4 255 253 36 123
3 117 294 35
3 165 239 147
4 137 122 16 235
4 108 2 170 206
3 190 41 243
3 228 204 61
3 15 82 94
4 37 286 202 25
2 61 298
4 182 86 34 4
2 30 293
4 115 8 161 195
2 192 221
3 126 185 21
3 291 6 80
5 82 94 140 199 234
3 200 38 298
3 75 113 242
4 199 231 68 53
4 16 218 275 122
3 278 48 276
5 297 238 24 241 259
4 281 74 241 237
5 202 25 99 165 217
4 84 176 292 109
5 238 297 259 237 24
3 233 94 82
3 80 254 220
3 206 112 107
4 46 89 10 40
2 33 162
5 120 29 281 210 74
4 290 51 128 132
5 121 154 173 256 148
4 22 149 72 175
5 211 39 270 273 1
3 90 138 12
5 96 146 123 255 215
4 243 266 41 151
4 146 96 215 253
3 154 148 249
4 55 83 28 135
2 99 146
4 241 237 193 24
3 185 126 278
3 272 88 30
4 209 85 16 137
4 109 292 172 169
3 178 158 86
2 26 63
4 254 41 280 98
3 12 143 97
3 92 286 208
2 9 71
3 251 273 179
4 114 20 79 54
2 141 261
4 39 1 251 270
3 69 164 136
5 235 122 67 157 213
4 21 278 3 236
4 112 295 181 18
3 260 236 276
3 179 127 81
5 266 151 142 98 5
4 247 210 238 297
5 173 148 283 159 106
3 282 180 106
2 1 81
4 155 166 131 194
4 268 208 19 223
2 145 20
4 169 76 172 11
3 214 58 101
4 67 213 248 51
3 97 143 230
5 240 153 169 109 263
3 226 174 163
3 171 117 216
4 107 188 112 277
3 63 46 23
4 74 281 237 241
5 224 232 205 38 90
156
2 112 17
3 100 152 29
3 86 77 7
5 149 27 141 45 14
5 22 70 54 139 130
4 73 147 140 18
4 3 65 55 92
4 28 146 114 50
3 46 129 28
3 142 12 127
2 123 36
3 10 108 153
4 72 98 75 116
4 45 4 144 97
3 43 35 60
3 40 80 148
5 1 60 85 44 40
3 30 6 34
5 20 62 70 105 22
3 26 19 62
3 132 129 46
5 105 19 5 70 139
3 154 156 124
4 50 114 43 35
3 79 119 115
4 34 151 20 62
5 113 143 45 149 4
3 9 8 96
5 63 100 118 2 152
3 147 73 18
5 90 42 58 53 51
3 122 83 109
2 115 74
2 18 26
5 99 24 112 43 15
3 11 81 59
4 87 121 69 67
3 92 65 120
4 148 80 63 100
5 44 17 16 85 106
2 116 76
3 152 53 31
4 24 99 15 35
4 60 40 17 85
5 27 149 14 4 141
4 125 21 9 49
2 81 59
3 111 71 52
3 129 46 146
5 96 8 24 114 99
3 53 31 87
5 78 48 91 71 88
4 42 51 31 58
4 5 139 137 130
3 126 92 7
2 127 153
2 119 103
3 31 53 121
4 110 36 81 47
4 15 112 44 17
2 93 89
5 101 26 105 20 19
3 39 117 29
4 91 88 127 142
4 7 123 92 38
3 124 107 156
4 121 135 37 69
5 103 150 128 95 94
4 37 67 79 135
5 19 105 139 22 5
5 48 78 88 52 91
3 97 144 13
3 89 6 30
4 33 119 150 103
4 13 116 93 76
3 41 75 84
3 94 126 3
3 137 52 71
4 69 135 25 102
4 16 106 117 39
4 36 110 59 47
2 104 125
4 32 134 145 154
3 76 93 155
4 17 44 106 40
4 128 94 3 126
3 51 37 121
4 71 52 142 64
3 61 73 155
2 118 31
3 52 71 64
5 55 7 38 65 123
3 75 61 84
5 95 68 77 128 86
4 150 94 68 128
3 146 28 50
4 141 14 72 98
4 144 97 116 13
4 114 50 35 43
4 117 39 2 29
2 151 62
3 135 115 79
4 57 74 68 150
4 131 107 82 132
4 62 22 19 70
4 85 40 148 80
5 66 156 136 131 104
4 12 133 153 122
3 134 32 154
3 120 59 81
3 130 48 137
3 35 1 60
2 138 27
4 8 99 50 24
4 102 33 25 119
4 98 41 13 75
4 80 148 100 63
3 29 90 152
4 25 115 57 74
3 38 123 110
4 58 67 87 37
4 153 108 32 133
4 65 92 11 120
4 145 154 66 23
3 82 132 46
3 77 86 55
4 64 142 56 10
4 68 95 86 94
3 21 49 9
5 139 5 111 54 137
3 156 104 107
4 136 104 21 125
3 108 134 122
3 133 109 83
4 67 102 69 79
2 107 132
4 54 130 78 111
2 143 113
5 70 22 130 5 54
2 6 151
3 4 45 97
4 88 10 64 127
3 138 149 27
3 14 98 72
3 83 124 154
3 49 96 8
3 155 30 6
4 106 16 39 117
4 143 4 27 45
4 74 95 103 68
3 140 101 26
4 2 29 42 118
4 56 12 122 108
5 109 83 23 145 124
3 84 147 89
4 23 131 66 107
356
3 137 311 316
5 307 242 129 294 321
3 300 193 189
2 121 87
3 192 55 273
3 48 342 287
3 166 63 298
3 273 258 270
3 349 33 95
3 323 260 314
3 54 202 198
3 350 28 244
4 112 240 245 233
4 53 302 324 341
2 76 326
4 147 18 76 347
3 78 146 121
4 223 213 347 16
3 22 77 213
3 345 197 333
3 99 284 61
4 169 288 19 77
3 313 335 336
4 42 152 210 353
4 198 143 176 170
4 111 40 234 247
2 70 244
4 12 244 150 98
2 84 334
4 149 199 156 162
4 251 57 90 175
4 217 176 278 211
4 235 144 250 9
2 284 110
3 222 270 308
4 125 266 307 271
3 305 237 332
3 133 166 248
4 68 164 140 56
4 220 136 109 26
4 316 238 311 85
4 256 232 24 210
2 299 216
3 295 299 322
2 87 186
4 178 296 130 262
2 181 243
2 132 6
3 243 122 165
3 250 305 95
4 227 82 165 69
3 262 348 289
4 91 208 14 279
3 324 11 135
3 204 355 5
4 164 74 39 140
5 314 260 310 251 31
3 191 263 194
2 191 194
3 234 196 188
4 21 131 110 329
3 146 121 151
4 7 298 64 224
4 63 265 337 159
4 306 142 257 154
4 205 160 193 315
4 131 106 230 204
4 277 221 39 164
5 165 51 116 82 239
3 86 27 312
2 289 158
4 291 309 275 78
3 332 256 232
4 56 148 140 225
2 97 120
2 16 15
4 288 101 22 19
3 155 72 17
4 163 114 254 218
4 114 218 157 327
2 330 303
5 51 165 239 69 116
4 148 225 197 345
2 347 29
4 311 41 212 238
5 113 209 70 229 312
3 4 45 330
4 259 173 235 171
5 287 342 284 172 99
4 31 310 280 313
4 320 286 53 302
3 244 98 150
2 296 262
2 95 332
4 9 94 50 305
3 351 322 299
5 335 336 75 177 105
3 92 28 160
4 172 89 21 284
3 195 108 267
2 77 223
3 108 338 133
4 353 152 134 249
5 297 216 173 214 259
3 177 97 167
4 67 230 192 204
3 274 264 200
3 100 138 102
2 40 247
3 34 329 61
3 136 220 26
2 326 13
3 128 86 209
5 79 254 80 218 327
2 258 222
4 69 82 185 304
4 238 309 212 291
2 154 343
2 193 206
2 75 293
5 246 17 4 146 62
3 182 227 49
4 327 277 157 221
3 233 255 245
2 263 36
3 278 195 346
3 167 331 356
4 188 113 196 209
2 2 179
2 46 289
4 61 67 329 230
4 158 354 48 241
4 267 38 102 338
4 103 317 318 249
4 202 54 143 198
4 207 111 220 40
2 206 1
3 325 267 108
2 162 340
4 39 56 225 74
2 352 178
4 65 257 292 154
4 135 170 198 25
3 171 349 33
4 322 299 297 216
4 17 246 62 121
3 213 16 347
3 74 83 201
4 318 344 30 199
4 28 92 205 160
2 62 330
3 24 317 103
2 290 174
5 257 65 118 142 292
2 309 78
3 30 183 323
5 80 327 221 123 277
4 71 132 354 241
5 337 64 226 265 352
4 98 150 315 66
3 184 253 274
3 183 30 139
5 261 179 79 282 254
4 221 56 68 39
5 49 227 69 51 82
5 38 338 7 248 298
2 105 127
3 268 306 219
3 303 22 288
4 143 198 217 25
4 173 259 144 88
5 342 287 99 89 284
4 104 171 259 88
2 153 274
3 310 31 313
3 25 211 32
4 336 335 105 97
2 141 46
4 129 282 261 163
3 253 200 264
3 245 47 182
3 255 181 122
3 199 162 156
2 328 161
2 116 320
3 45 330 228
2 281 269
5 247 234 128 60 196
3 3 339 206
3 232 256 210
2 58 59
4 106 204 5 355
3 66 119 3
3 59 58 266
2 126 100
4 60 188 209 128
3 83 203 20
5 11 135 25 143 170
4 344 183 149 30
4 180 107 283 215
3 225 148 345
4 341 324 135 11
3 197 345 301
5 230 67 55 106 192
3 150 66 315
4 119 137 189 339
4 333 301 136 220
4 286 320 302 53
5 196 128 229 113 86
4 190 42 353 24
5 176 217 272 32 278
3 85 291 117
4 19 147 223 18
3 216 259 104
3 264 200 269
4 43 145 214 104
3 170 32 211
5 254 79 327 114 80
4 308 168 257 306
5 231 207 40 136 111
5 157 123 164 277 68
4 115 35 270 268
3 101 18 213
3 298 337 63
4 140 74 201 83
4 159 265 276 352
4 122 243 51 165
3 186 288 303
3 209 312 86
5 329 131 204 67 106
2 301 220
5 237 73 190 256 42
4 240 124 13 245
3 26 60 188
3 88 33 349
2 241 319
2 37 232
3 41 117 85
3 82 69 304
3 334 233 13
4 354 158 236 132
3 271 294 2
3 47 49 227
4 27 92 12 28
5 13 233 181 124 255
3 275 121 146
3 109 26 188
4 338 38 298 166
4 317 103 344 134
3 33 349 50
5 260 314 31 57 310
2 280 336
2 161 180
5 282 163 218 79 114
3 124 245 182
4 73 42 232 190
4 219 154 65 142
3 355 115 8
5 214 104 88 173 171
5 10 340 251 314 57
4 321 163 179 282
4 93 46 52 289
3 58 125 266
3 107 180 215
4 64 352 159 226
4 194 263 271 36
3 138 100 133
4 270 222 168 308
3 215 281 187
4 8 268 222 35
4 266 242 36 307
3 211 346 278
3 5 355 8
3 174 161 107
2 72 246
3 226 352 296
4 123 157 68 221
5 32 211 126 272 346
3 302 53 341
3 90 252 313
3 283 269 187
4 179 261 254 163
2 200 281
5 89 172 34 99 21
3 292 351 295
3 304 208 91
5 319 6 89 342 172
4 228 77 169 22
5 130 262 71 52 348
3 356 331 153
4 212 117 72 309
3 142 154 285
3 120 356 331
4 242 307 321 2
3 343 285 44
3 276 93 46
2 145 104
5 248 166 224 7 63
5 44 96 43 322 145
2 315 3
3 203 231 207
4 208 91 279 14
3 81 169 228
4 239 116 286 320
4 50 95 37 332
3 168 65 219
4 36 271 2 294
3 35 268 219
4 117 155 291 72
4 57 251 175 90
4 1 316 85 41
4 229 86 350 70
4 175 90 23 280
5 340 10 57 260 251
4 160 205 300 66
4 339 41 1 311
4 152 353 249 134
2 134 149
2 236 287
4 185 304 91 208
3 294 2 261
4 96 44 145 299
3 156 10 340
4 14 54 341 202
2 346 138
3 15 112 334
5 218 114 123 80 157
2 331 184
4 110 61 230 131
4 151 87 81 186
4 127 293 328 290
4 94 305 73 37
2 20 207
3 29 240 326
3 23 97 177
4 252 23 177 97
3 224 159 64
4 102 133 248 166
3 189 206 316
4 139 323 314 260
4 279 14 202 324
4 6 172 287 89
2 118 295
3 249 199 149
4 201 83 20 203
4 272 278 325 126
4 18 147 84 16
3 52 289 354
4 144 235 9 250
2 312 12
2 285 96
5 265 159 141 226 276
4 210 24 103 317
4 348 241 158 132
4 55 192 258 273
3 293 127 290
518
4 195 288 388 488
4 376 475 361 113
3 10 418 158
4 419 271 269 277
3 174 432 87
4 390 300 435 84
3 271 277 21
3 124 143 449
3 16 283 238
3 254 3 32
3 86 78 243
3 159 24 511
3 167 397 460
3 387 137 202
2 382 460
3 502 9 238
4 161 172 320 253
5 278 209 355 138 92
4 406 164 147 204
3 257 44 487
3 7 265 213
4 518 296 252 152
3 164 406 204
4 275 226 39 12
5 310 232 149 57 338
4 363 59 436 462
3 163 282 501
2 112 374
4 353 101 450 273
5 67 139 231 70 444
4 479 298 337 409
3 328 10 158
3 329 168 206
2 97 279
3 189 327 490
4 515 175 177 114
3 276 449 124
3 91 180 349
3 24 159 378
4 181 279 503 286
3 132 507 270
5 104 344 376 134 475
3 122 188 463
5 20 314 382 487 244
5 423 236 161 461 172
4 90 64 180 170
3 255 144 248
4 424 293 350 178
3 429 255 501
4 60 263 312 154
3 179 492 249
5 214 108 472 235 476
2 364 333
2 111 288
2 228 124
3 434 342 103
5 232 310 338 25 149
4 483 517 82 308
5 410 89 462 363 26
3 120 50 154
4 66 456 97 305
4 345 128 450 353
3 394 294 431
4 98 170 90 46
3 153 205 396
3 262 61 456
4 264 381 30 139
3 481 166 443
3 252 79 140
3 139 444 30
3 145 146 351
3 194 226 275
3 204 147 148
5 439 454 287 366 453
3 397 364 477
3 485 430 469
3 130 357 232
2 11 315
4 69 498 150 329
4 193 199 484 362
4 425 96 307 93
3 156 308 58
4 383 173 428 240
3 435 6 250
5 333 477 292 198 405
2 324 11
5 463 5 391 432 514
3 259 448 502
4 99 332 363 59
4 480 98 46 64
2 170 38
3 138 18 425
5 96 425 442 81 307
3 158 229 369
3 300 257 497
3 355 93 81
4 61 281 34 190
4 335 64 480 90
4 251 89 332 410
3 417 458 260
3 29 479 298
3 473 452 290
3 56 509 192
4 110 478 42 134
4 350 346 268 157
3 442 414 295
4 295 335 414 408
3 468 235 52
4 253 320 435 390
3 316 319 104
3 249 54 512
4 385 201 28 136
4 407 2 365 334
3 177 36 259
4 444 231 294 394
4 127 278 218 209
2 187 381
3 303 496 402
5 292 405 331 506 303
2 318 60
4 503 286 186 309
2 131 43
4 399 202 269 419
3 55 8 37
2 222 421
3 308 517 406
3 290 116 218
3 472 353 62
4 395 384 457 285
4 171 77 357 347
4 443 122 445 188
4 203 142 41 270
3 342 434 192
5 344 104 475 42 376
3 462 354 436
3 340 112 313
3 490 403 14
4 209 92 18 355
4 381 70 67 30
3 498 69 329
3 166 352 443
5 420 400 197 203 132
3 8 207 185
3 501 267 47
2 302 71
4 256 302 191 71
4 19 242 204 73
2 73 332
4 25 57 291 338
3 79 165 329
4 225 509 467 466
4 182 22 498 252
3 267 65 248
5 263 60 176 50 312
4 215 513 505 464
3 504 459 82
4 268 105 319 316
4 32 3 94 418
4 226 275 12 39
3 289 386 214
3 45 17 493
3 513 464 505
4 186 389 27 429
4 451 23 406 19
3 150 206 168
3 374 141 68
3 244 13 460
4 33 165 422 222
4 322 223 219 237
3 64 91 46
3 365 334 130
4 461 45 493 17
3 283 371 83
2 188 5
3 36 177 482
4 154 302 312 256
4 220 114 36 175
3 401 48 268
3 285 51 249
3 46 373 38
4 190 40 279 433
3 296 518 152
2 210 387
5 217 212 230 360 284
3 449 274 143
4 121 163 389 282
2 117 440
4 445 131 174 43
3 356 35 327
3 305 97 181
3 146 224 351
4 133 225 103 509
5 500 474 484 415 80
3 398 72 272
3 512 1 288
2 430 470
2 142 270
5 477 333 405 85 292
4 80 491 362 495
2 436 474
4 367 340 385 112
5 14 403 419 399 123
4 400 420 132 142
4 23 19 73 147
4 65 396 296 441
4 165 33 222 422
4 143 489 274 246
4 291 247 236 423
4 218 116 138 18
2 327 183
3 339 385 367
3 466 360 184
3 455 438 21
3 160 52 235
4 428 240 155 513
4 284 230 420 412
3 467 466 184
5 452 127 209 116 278
4 169 241 359 318
2 486 177
2 384 285
4 206 168 125 343
4 370 368 237 169
2 191 471
4 192 151 509 239
4 72 159 275 24
3 234 324 416
3 358 336 55
3 94 369 516
3 184 412 216
4 30 326 444 115
3 77 57 25
2 379 272
3 453 287 227
5 108 214 476 52 472
3 208 461 45
3 223 359 169
4 448 16 261 9
3 509 225 466
5 371 83 513 428 215
2 219 311
2 147 251
3 416 11 473
4 487 44 167 382
4 373 384 349 395
5 274 207 304 489 510
3 338 330 208
4 47 267 396 153
4 411 179 111 51
3 84 497 257
3 242 99 332
4 22 69 152 498
5 493 17 109 320 390
3 323 10 266
4 49 501 47 267
4 312 176 146 302
5 95 250 20 497 314
4 265 297 299 499
3 114 88 502
3 321 100 262
3 238 383 283
5 260 458 66 301 456
3 311 154 50
3 440 67 381
3 21 258 299
3 413 328 254
4 144 255 153 248
4 178 157 105 346
3 123 277 4
5 197 132 317 41 507
4 4 7 277 455
3 233 194 275
4 450 29 298 479
3 185 246 207
5 272 72 24 226 159
2 392 37
5 269 4 455 271 7
3 116 218 18
4 34 433 181 40
2 402 375
3 456 305 97
4 389 186 429 27
4 9 173 261 383
3 360 184 216
4 221 129 179 457
5 433 40 309 503 121
3 74 324 234
5 54 512 488 195 1
3 431 160 468
4 315 473 127 102
2 149 208
5 85 198 119 405 506
4 446 377 401 48
4 115 326 348 63
4 307 107 106 414
5 205 441 182 518 22
3 258 504 459
4 273 101 380 31
4 438 265 499 258
3 6 435 95
3 458 456 262
5 176 312 145 256 146
4 506 119 118 402
2 246 494
3 281 61 190
4 351 356 471 508
3 81 93 295
3 82 58 126
3 286 389 121
3 347 25 57
3 241 318 263
5 50 154 256 176 302
3 136 481 374
4 497 257 487 44
3 78 290 473
4 346 157 110 319
4 270 454 507 439
4 359 219 120 311
4 157 478 316 110
5 17 493 390 253 109
4 404 417 260 458
2 368 169
4 421 465 254 413
4 287 453 86 227
2 369 516
4 231 444 394 294
5 508 356 210 189 35
2 266 32
4 140 79 33 150
2 247 423
3 119 506 402
5 148 251 410 99 89
4 53 85 477 198
5 361 113 341 365 171
4 107 414 98 408
4 469 470 392 228
4 31 380 379 409
4 57 25 247 149
3 393 375 211
3 201 385 136
2 334 357
3 514 133 56
3 422 222 465
3 478 134 42
2 476 62
3 105 268 316
3 357 130 310
4 294 394 372 431
5 38 373 395 245 384
3 48 401 105
3 71 191 306
3 141 445 443
4 128 29 62 450
2 135 500
3 18 138 96
5 306 471 189 508 327
4 341 347 130 77
3 470 228 392
3 237 318 219
3 212 284 184
4 2 407 334 365
4 484 80 495 199
5 89 410 26 59 462
3 460 53 75
4 113 361 171 334
3 454 453 74
4 437 201 211 385
4 378 511 322 223
4 418 325 94 229
3 511 378 223
3 173 240 428
2 348 386
3 180 245 349
3 28 166 313
4 280 496 437 339
5 42 134 2 475 407
4 491 495 424 293
3 39 368 370
3 337 233 398
3 298 409 337
5 117 440 139 264 67
4 44 487 15 244
3 261 283 83
5 245 349 221 395 129
5 211 367 112 201 340
3 372 468 160
3 183 490 14
5 1 488 485 447 430
4 309 282 186 163
5 320 253 6 109 435
3 87 434 514
3 336 358 276
2 496 339
4 326 115 63 348
4 349 245 129 384
4 248 441 65 205
3 13 460 75
3 409 194 379
3 403 123 202
4 412 203 420 142
3 293 178 350
5 331 303 280 118 496
3 137 399 202
3 427 426 321
5 198 85 506 292 119
4 126 19 164 23
4 475 376 113 361
4 414 107 480 335
4 380 31 398 337
4 332 99 59 363
2 457 249
4 230 400 216 420
3 465 266 323
5 106 295 408 107 335
4 474 500 193 484
2 227 243
3 426 100 321
3 3 369 158
3 202 4 123
5 216 412 142 400 203
2 125 323
3 168 206 343
4 330 208 45 461
3 377 446 48
3 92 81 93
4 464 505 417 404
3 505 464 404
4 83 371 215 240
3 282 163 49
4 447 388 196 76
3 63 348 289
4 5 463 514 87
3 279 181 286
4 391 514 56 133
5 109 390 84 6 300
4 26 462 200 135
2 375 367
2 213 299
4 507 317 74 454
3 187 264 381
4 396 518 205 296
2 93 106
5 68 141 131 352 445
5 70 30 115 231 326
4 352 443 188 131
3 495 293 424
3 488 430 388
3 88 502 238
3 37 185 8
4 62 353 273 29
2 517 164
2 102 218
4 366 74 234 324
5 317 507 366 439 74
3 277 271 213
5 301 262 281 66 61
3 129 411 285
4 100 321 301 262
5 499 297 483 504 156
5 15 167 364 13 397
4 236 423 172 45
5 59 363 135 26 436
3 43 87 432
4 162 155 426 427
3 343 413 323
5 239 151 212 467 217
3 151 217 466
3 386 289 108
2 76 336
3 196 358 336
4 224 508 306 356
4 52 235 128 476
4 243 102 315 290
3 200 415 193
5 134 42 407 376 2
4 235 52 345 472
4 75 198 333 85
3 319 344 104
3 101 273 31
3 408 90 98
2 313 68
2 175 502
3 459 504 58
4 193 415 362 80
2 388 76
4 510 220 494 515
5 314 20 244 44 382
4 288 447 1 388
3 207 510 246
3 35 137 387
3 199 377 495
2 51 512
4 172 161 253 320
3 304 515 486
5 362 199 446 491 377
4 118 402 393 375
4 250 95 314 257
4 152 252 140 79
3 299 258 459
3 354 193 415
4 27 144 49 255
5 482 259 16 88 448
3 40 121 286
4 297 156 459 483
4 155 162 427 426
5 405 292 303 119 331
5 41 270 439 317 454
4 471 306 327 356
5 103 192 239 225 151
3 489 246 486
3 12 370 368
4 492 111 195 288
4 240 162 215 155
5 432 87 342 391 434
3 494 486 36
2 229 325
3 58 451 126
4 441 22 296 182
422
5 22 190 364 161 331
2 74 251
3 68 63 320
3 127 114 202
2 46 348
3 392 138 225
3 128 106 404
4 248 298 342 184
2 211 52
4 403 271 170 43
2 264 207
3 231 127 139
3 59 299 226
4 102 393 201 305
5 131 406 190 209 22
3 66 168 327
2 330 123
4 379 206 33 258
2 303 46
3 353 390 122
4 104 49 85 239
5 209 15 1 190 161
4 332 39 241 132
3 249 26 222
4 355 384 387 77
3 24 411 290
4 358 232 78 197
2 49 343
3 368 351 36
4 53 388 312 257
5 67 158 81 300 76
4 95 312 80 110
4 18 394 41 244
3 299 204 308
3 321 295 237
4 156 368 150 29
4 76 236 215 167
4 199 325 143 65
4 23 203 132 286
3 143 65 192
3 258 244 33
4 386 353 149 390
3 372 10 391
4 125 249 228 92
3 208 230 57
5 19 343 5 164 291
3 416 401 152
3 315 314 246
3 21 28 303
4 70 158 337 67
5 162 126 212 112 194
4 9 366 412 386
3 297 30 388
4 340 180 133 276
4 270 179 365 219
3 367 301 337
4 45 117 176 231
4 148 266 383 187
4 327 13 395 341
2 71 382
4 233 382 421 87
5 145 413 210 402 240
4 3 218 320 91
5 381 354 332 229 283
4 408 38 154 40
4 305 16 168 195
4 337 50 31 300
2 261 3
2 180 315
3 301 50 337
3 274 60 142
4 246 264 314 185
3 111 220 392
2 154 2
4 382 233 87 421
3 300 31 37
3 243 25 361
4 172 197 27 232
3 138 247 417
4 32 110 103 141
2 31 215
4 316 172 140 358
4 350 313 268 115
2 331 237
3 256 239 21
3 259 366 211
4 75 61 292 304
3 107 119 376
3 374 330 105
2 313 115
4 320 63 183 218
4 228 44 222 249
3 214 225 392
2 135 155
2 257 32
3 294 370 418
3 326 338 306
3 253 200 335
5 152 401 146 189 349
4 170 311 391 302
5 385 175 157 275 363
5 310 245 14 393 136
3 80 234 280
4 151 411 21 256
2 89 399
3 7 198 346
4 375 124 88 113
3 404 397 346
4 262 378 389 357
4 312 141 32 80
2 244 73
4 126 162 194 51
4 119 107 217 376
3 4 202 129
4 90 83 325 268
4 251 319 128 318
3 230 231 57
3 207 126 162
3 124 113 88
3 338 254 253
4 160 193 316 166
3 20 296 406
3 17 371 399
4 293 329 119 107
4 250 144 44 228
4 118 112 162 51
3 12 176 4
5 116 318 7 400 198
3 114 191 238
4 159 339 359 294
2 181 15
4 241 23 286 39
3 397 276 54
2 286 203
3 185 94 207
4 393 102 305 201
3 200 245 414
3 6 225 79
3 176 12 202
4 410 316 358 82
3 110 282 80
3 165 362 71
3 38 408 40
3 302 288 125
3 347 62 402
4 99 189 271 349
2 232 227
4 205 58 266 187
3 412 390 42
2 36 165
3 290 104 256
4 285 47 99 189
4 240 345 163 263
3 65 74 192
2 94 162
2 308 36
3 101 297 260
4 50 337 300 31
4 387 130 361 359
4 278 121 193 166
5 190 22 331 1 364
5 155 118 51 126 112
3 210 263 153
3 343 291 46
3 150 142 274
4 193 160 410 121
4 215 37 270 242
4 201 195 66 16
4 295 289 344 284
3 10 372 100
3 188 306 338
3 82 78 358
5 407 334 252 373 213
2 184 313
5 212 194 275 385 101
3 57 139 127
4 357 389 342 248
4 196 396 324 380
4 55 365 224 219
3 54 69 265
3 296 131 406
2 202 238
4 91 218 285 416
4 342 8 174 298
4 314 72 135 264
3 213 323 235
4 266 148 420 58
2 376 171
5 401 152 349 99 146
5 15 209 161 22 1
3 129 238 407
3 40 154 415
5 281 278 166 160 121
4 112 51 385 175
3 168 66 356
4 287 370 178 272
3 78 27 336
4 400 128 404 106
4 268 38 325 408
2 98 137
4 14 136 168 305
4 139 182 4 114
3 39 286 134
3 34 368 308
4 304 292 148 309
4 280 258 379 18
3 11 135 118
2 324 45
4 406 22 15 190
3 62 402 163
5 422 259 9 86 366
3 51 175 385
4 373 173 186 419
2 220 93
3 81 167 37
3 219 405 224
2 113 326
5 63 320 416 91 183
5 365 55 216 179 224
4 394 244 214 73
2 265 246
4 92 249 290 24
2 291 374
5 179 219 255 216 405
4 93 352 6 138
4 341 13 322 299
5 147 336 355 328 384
5 288 125 92 44 249
4 354 283 64 332
3 380 117 45
3 117 12 57
3 27 78 147
4 362 61 382 75
2 103 379
4 419 186 422 259
2 37 242
3 84 267 35
4 182 360 129 191
3 85 21 303
3 402 62 153
3 283 132 23
4 236 167 365 270
4 384 355 77 387
4 41 33 111 220
3 137 393 102
4 221 72 48 314
4 79 273 293 329
4 389 8 177 342
5 44 228 24 92 222
2 311 125
4 2 415 116 318
2 173 419
4 306 98 120 254
3 120 253 335
2 224 377
4 411 151 85 104
3 388 95 30
3 206 41 18
5 323 235 86 422 211
4 363 157 388 297
2 68 320
4 399 109 378 317
3 163 153 354
3 72 11 185
4 276 180 221 315
4 309 187 148 58
3 237 344 295
3 83 199 115
3 284 289 413
3 167 55 242
5 146 349 372 403 10
4 396 196 380 324
3 352 417 247
3 351 71 165
3 175 363 101
3 133 54 265
4 333 377 369 279
3 369 160 193
4 398 277 281 369
3 282 103 206
2 279 193
2 141 280
4 229 64 241 332
4 344 169 269 347
3 183 416 152
4 132 39 203 134
3 418 196 370
2 144 228
3 169 347 269
4 222 151 26 411
4 164 46 223 348
3 87 309 205
5 247 417 124 329 375
4 359 130 96 339
3 35 169 267
4 390 353 181 122
3 157 53 260
4 8 342 409 184
4 13 34 226 322
4 158 67 76 31
4 420 70 367 56
3 391 100 144
3 239 49 19
3 421 87 205
4 136 14 66 201
4 171 97 253 338
3 366 386 412
4 322 34 156 204
3 292 266 205
3 414 102 393
3 100 391 250
3 30 110 32
4 174 90 350 83
4 48 246 185 72
3 69 265 48
4 121 82 410 140
4 378 262 357 389
5 319 251 400 116 128
3 415 318 116
5 261 3 91 63 218
3 364 331 35
3 226 299 308
2 186 259
3 178 272 208
4 115 408 199 38
2 217 97
3 16 59 356
4 336 384 227 355
5 417 247 375 293 124
4 348 17 374 89
5 161 1 84 364 321
4 64 229 23 283
3 405 277 377
3 360 373 173
3 254 98 414
3 197 328 227
5 56 70 67 50 158
4 97 171 120 306
4 130 359 418 294
3 346 54 397
3 395 59 226
5 177 248 184 8 298
3 28 164 46
3 267 284 169
3 153 381 354
3 106 340 108
3 289 284 145
3 5 291 330
5 189 99 403 146 271
3 409 83 313
2 29 274
2 225 273
4 42 20 390 296
5 263 345 229 381 64
5 227 328 25 384 243
3 195 395 327
4 317 109 177 389
4 140 82 27 172
5 361 159 294 130 339
3 238 334 407
3 77 359 159
3 142 233 382
3 275 101 260
4 1 161 321 331
4 242 219 55 179
4 86 211 307 52
4 383 420 56 301
3 204 29 36
4 277 398 278 279
4 96 396 287 196
3 123 378 399
4 271 403 43 170
3 334 213 173
3 223 89 330
3 329 293 107
3 88 113 188
4 255 398 333 277
4 371 317 262 109
3 234 18 206
3 272 178 230
3 345 64 354
5 60 362 75 233 61
3 58 367 420
5 328 227 243 355 25
4 194 212 101 175
3 307 52 42
3 25 243 159
4 260 257 53 30
5 109 317 248 357 177
5 149 42 296 353 20
4 43 302 100 311
3 73 6 93
5 245 310 136 102 14
2 33 220
3 356 341 59
3 370 272 178
3 108 133 340
3 377 279 369
4 105 123 262 371
3 318 198 128
3 47 189 99
5 413 145 240 62 210
4 349 10 271 372
3 198 7 108
3 216 224 333
4 122 181 209 15
3 191 360 173
4 325 199 65 143
2 298 350
3 166 140 316
4 26 290 256 104
3 52 307 149
3 269 402 62
3 335 310 137
3 192 319 251
4 218 47 183 285
4 273 79 329 293
3 339 287 96
3 252 213 235
4 187 301 383 367
3 61 75 304
3 235 211 259
