15
466 858 421 832 30 1 192 518 996 37 494 512 982 86 58
0 104 92 0 67 66 1 563 724 849 45 784 750 837 570
455 54 549 266 209 281 82 0 192 661 81 0 899 0 739
204 570 472 551 0 5 8 2 244 713 160 2 44 185 529
24 196 610 280 90 628 429 241 875 508 614 506 726 21 562
10 627 707 4 674 300 624 238 19 546 690 141 707 123 340
429 987 130 467 542 121 980 275 6 889 20 992 176 870 159
766 650 120 365 568 469 469 152 111 464 93 127 46 506 283
84 556 859 875 550 371 98 589 526 142 318 699 202 304 151
489 38 23 108 1 864 840 918 234 336 27 382 633 66 982
14 98 578 865 1 3 283 514 106 341 73 691 811 806 0
452 851 471 453 629 146 199 20 27 13 285 624 489 30 36
68 876 464 557 89 119 816 62 62 826 313 610 44 147 30
324 98 0 563 33 208 307 64 183 319 8 467 417 1 794
385 471 217 874 333 20 30 903 399 604 768 55 730 175 297
