24
17 282 923 284 38 240 3 188 91 378 486 798 42 58 28 62 248 209 77 72 980 70 26 9
670 682 134 588 713 713 15 664 640 157 474 201 16 138 412 365 982 212 852 57 506 17 730 133
207 58 10 133 29 945 674 956 45 477 187 625 505 350 510 422 96 633 37 298 393 445 928 312
406 41 951 577 508 6 217 835 933 71 592 290 102 0 921 112 229 1 450 389 51 41 281 77
30 13 443 322 259 11 465 243 286 362 557 173 934 10 456 512 501 335 58 605 619 366 346 112
2 359 269 85 615 133 307 456 79 463 732 264 232 751 2 99 438 925 17 425 9 945 2 4
521 50 172 0 1 45 335 447 629 16 378 684 186 788 694 11 144 66 791 979 2 1 340 165
783 272 469 7 819 678 493 179 0 941 51 42 1 127 480 1 58 8 41 893 168 194 117 925
5 48 45 222 81 1 980 933 201 32 268 601 257 47 125 577 0 989 70 523 244 340 908 684
38 860 60 861 247 363 93 192 158 444 812 691 743 136 728 0 1 9 799 52 518 867 951 324
1 878 425 286 41 83 675 407 808 42 188 589 7 448 964 5 598 0 454 117 3 1 232 506
217 10 93 11 138 500 53 826 77 49 95 317 608 71 728 276 429 12 7 83 15 9 167 914
512 39 244 191 542 329 57 2 135 101 649 698 332 74 110 172 58 554 564 88 500 216 477 27
533 735 92 0 69 851 84 581 337 656 229 984 17 331 793 792 295 53 409 498 888 951 864 478
199 211 371 107 224 800 56 3 16 813 570 982 305 295 941 3 559 230 602 22 31 124 183 347
747 82 421 258 78 153 741 8 44 377 112 256 22 897 783 558 103 465 468 8 852 130 563 639
329 235 135 0 56 259 989 170 532 765 27 41 687 877 112 503 831 232 951 93 704 57 527 31
482 0 133 299 68 60 510 327 16 15 368 27 544 678 422 11 14 434 640 930 956 44 71 331
965 228 681 630 211 381 9 550 60 158 122 51 672 544 884 444 333 357 527 532 277 589 435 58
382 163 578 961 520 429 2 620 7 319 105 399 253 2 186 42 0 23 7 323 4 58 965 8
34 744 186 418 956 906 232 443 3 419 154 479 360 574 66 135 427 282 572 216 327 118 323 93
317 122 458 48 34 427 120 168 88 928 510 253 285 473 29 3 133 287 109 499 59 144 620 13
140 254 413 338 327 917 45 524 796 516 25 510 28 937 243 274 566 619 485 274 544 187 474 499
216 132 16 519 47 396 634 343 869 659 246 629 0 583 325 521 35 209 27 557 877 0 324 4
