47
213 698 369 4 551 9 20 62 804 658 314 9 258 798 483 127 7 770 872 280 190 692 439 204 249 854 254 311 99 49 0 162 973 816 128 446 223 441 80 206 557 220 502 248 32 36 50
105 130 428 570 1 88 703 335 527 81 139 173 784 941 215 592 57 229 824 791 0 682 575 663 495 304 14 761 154 1 631 117 0 399 344 394 791 52 11 121 390 691 874 42 536 547 28
6 564 277 43 29 288 977 69 60 603 67 691 101 1 923 347 505 2 409 1 676 105 5 386 901 299 353 496 217 193 16 188 567 27 378 644 272 574 335 86 272 83 320 148 32 291 0
128 160 74 513 0 136 435 250 645 38 315 435 158 46 10 86 998 959 548 65 42 975 250 746 825 133 182 322 874 1 35 261 223 376 292 543 329 84 116 9 707 29 620 48 919 199 190
266 856 301 54 483 37 871 81 559 64 828 118 3 317 258 534 140 2 355 205 450 16 37 319 157 580 901 789 797 356 103 642 406 969 340 91 530 244 314 31 0 34 714 2 45 196 416
712 683 88 125 93 156 793 134 594 12 516 150 46 217 64 227 414 52 367 346 771 891 174 529 112 488 372 381 178 125 219 781 175 33 457 737 227 187 694 54 3 14 168 128 421 370 93
569 718 340 22 380 806 699 540 37 10 373 825 133 1 689 1 197 957 185 593 87 461 3 316 7 645 35 38 36 14 48 169 568 436 897 920 857 408 9 604 1 278 354 131 24 7 309
109 343 2 186 794 186 17 179 646 457 145 34 238 526 485 400 95 47 194 0 671 939 0 48 38 226 467 910 0 903 591 692 942 557 10 166 411 262 101 23 223 91 2 180 471 490 299
3 709 961 73 127 0 5 73 77 2 82 1 621 510 72 81 734 37 460 262 437 585 252 19 381 312 29 281 161 7 108 6 302 31 276 200 778 582 980 391 24 971 863 155 534 973 702
359 189 548 611 47 474 0 14 75 829 22 511 349 205 270 151 0 669 727 377 285 40 597 23 7 209 836 43 530 871 443 695 147 544 4 244 577 485 6 265 13 148 122 720 617 755 93
538 62 0 431 253 0 266 50 11 232 657 0 750 991 579 885 1 710 677 858 338 176 701 147 563 178 868 343 0 78 241 735 677 164 1 16 832 616 501 384 456 50 119 278 232 719 179
354 18 194 445 263 272 318 24 397 89 123 69 20 389 657 9 8 422 89 77 504 115 912 13 18 4 20 88 371 754 573 77 23 15 732 471 238 98 11 570 215 302 445 397 679 983 464
204 925 18 130 523 450 151 653 749 349 446 230 24 107 934 98 605 631 119 29 48 921 249 761 877 982 596 985 134 388 16 194 164 22 468 550 192 76 22 2 379 137 288 130 101 3 347
139 19 901 535 326 630 0 131 712 167 853 796 592 364 169 325 45 13 813 586 47 5 0 192 530 420 141 139 746 861 535 245 62 65 245 5 578 21 44 442 387 887 168 193 12 43 3
514 219 352 863 36 913 891 763 254 31 2 92 373 733 46 266 146 781 510 93 80 80 218 4 17 10 57 35 226 8 345 6 0 84 389 1 30 192 750 121 4 514 50 847 1 477 100
815 11 219 271 476 578 25 204 37 1 931 22 16 498 958 557 148 74 592 83 699 286 258 240 316 252 734 10 206 659 408 158 526 810 846 596 32 834 339 72 141 845 748 393 261 15 24
148 0 769 129 738 216 231 619 220 0 102 66 759 118 194 239 828 504 177 93 45 332 234 37 588 555 939 3 597 270 62 31 38 1 164 342 28 1 848 666 17 17 320 102 328 916 0
367 6 890 638 944 365 222 38 61 508 40 22 938 374 87 57 184 117 916 53 5 815 932 288 62 571 4 416 8 53 3 0 350 827 188 623 458 513 7 965 471 114 328 543 393 275 0
240 62 49 664 475 488 120 14 15 6 3 21 437 7 164 1 44 80 19 653 20 821 15 70 57 750 7 109 114 518 882 4 192 7 68 251 283 898 309 57 60 406 758 0 898 19 510
640 565 481 69 150 775 973 193 0 67 2 134 5 28 789 26 491 187 236 835 252 630 288 178 459 1 392 1 877 374 647 574 3 233 815 124 5 854 807 31 150 868 310 366 249 519 70
468 370 866 651 218 473 18 358 686 16 35 15 162 2 427 299 386 75 282 309 537 705 822 508 981 398 104 464 216 106 551 21 294 53 732 752 8 74 0 129 600 633 496 846 59 933 648
974 19 644 558 0 787 5 298 155 302 128 443 426 0 731 30 395 452 724 811 246 950 0 720 795 974 551 31 175 7 632 42 574 856 524 0 0 71 365 807 188 671 63 819 157 854 821
10 0 863 217 614 0 809 102 48 90 738 59 586 226 830 33 108 24 222 743 509 460 252 536 660 329 333 491 151 276 137 17 940 4 268 475 268 389 15 922 537 141 20 109 151 86 155
328 241 571 931 0 364 533 868 839 425 4 383 82 100 51 336 725 611 569 308 59 22 86 366 204 16 94 132 409 720 207 11 270 67 521 133 637 19 680 199 977 83 216 628 311 598 492
120 68 744 564 10 424 9 461 862 561 203 153 1 712 3 0 593 421 590 483 47 180 589 252 12 119 98 470 295 612 35 509 76 320 615 760 370 931 60 732 380 95 808 2 29 12 329
27 23 874 491 110 76 60 35 213 299 168 527 243 15 47 54 783 82 68 187 34 353 86 144 141 11 527 655 514 331 36 130 38 470 0 763 49 563 378 678 32 585 902 336 655 207 151
154 0 98 29 120 703 28 974 23 743 590 200 305 874 20 27 16 574 260 1 654 204 892 36 127 88 635 540 246 171 278 768 187 75 15 119 714 0 335 281 649 488 138 706 3 729 469
246 6 295 642 7 397 4 165 90 529 20 881 975 388 8 25 18 56 13 11 186 8 436 16 973 29 16 4 163 1 760 957 206 588 326 898 334 18 5 263 39 89 700 105 690 97 78
211 178 784 0 46 142 106 40 292 0 16 962 821 66 104 530 69 338 357 975 53 743 721 167 155 26 67 204 2 105 4 103 150 212 161 291 208 592 366 15 587 82 367 0 60 256 758
972 84 174 850 104 7 33 877 0 164 552 825 517 301 377 452 191 413 205 335 187 88 967 34 597 0 3 4 0 545 43 121 876 645 127 73 47 626 18 578 22 23 72 72 400 325 271
0 240 346 260 827 390 555 217 964 99 436 39 12 585 454 258 232 831 57 21 714 0 1 362 191 12 269 36 714 613 69 160 282 621 19 429 689 490 636 50 14 659 701 562 119 104 49
86 106 401 827 783 1 10 740 745 437 83 313 971 30 4 217 142 470 29 313 118 36 3 158 158 29 736 11 508 365 592 11 669 68 113 56 180 0 14 306 107 636 71 21 938 498 203
11 877 510 373 906 0 812 196 925 751 777 389 529 543 69 74 113 97 265 0 109 56 352 1 646 309 336 314 171 896 575 65 15 16 116 164 799 621 767 65 711 0 386 24 951 29 192
56 290 192 203 55 871 1 517 615 320 622 855 750 66 280 18 601 515 52 98 63 171 658 430 785 31 135 2 238 271 779 296 486 7 0 96 326 84 874 512 565 210 51 308 109 428 670
709 681 69 44 618 144 242 182 150 1 393 0 486 388 657 615 57 33 245 646 10 219 251 194 46 638 687 555 198 0 433 462 539 348 184 979 31 14 77 885 800 673 4 567 781 273 153
353 966 46 58 404 287 251 79 16 872 140 442 83 167 416 650 75 0 486 9 52 135 651 278 734 795 915 3 343 7 64 63 3 355 163 765 32 680 380 0 13 232 322 305 607 527 4
674 427 29 0 365 655 627 64 11 147 325 209 511 535 860 122 748 4 106 568 98 328 47 200 0 882 820 813 204 110 137 742 315 295 20 187 578 6 591 302 825 244 277 280 19 674 433
373 651 152 1 756 32 900 149 707 756 806 3 886 214 92 128 242 153 348 897 117 299 888 372 662 0 329 671 19 335 380 91 1 590 854 495 351 345 997 204 10 399 887 142 60 862 93
478 23 65 667 640 92 701 641 214 9 220 383 221 380 270 0 167 1 437 412 34 5 326 14 960 1 925 475 15 516 388 383 74 142 43 539 6 670 2 219 133 534 78 690 726 58 813
753 232 832 55 906 83 947 204 13 32 706 73 945 458 0 446 399 13 3 668 525 587 200 493 4 97 885 890 67 66 42 4 167 8 113 764 8 681 36 218 30 89 40 266 801 937 534
243 529 953 539 45 46 155 922 345 272 859 988 39 57 666 19 67 0 204 117 529 234 600 447 364 128 83 24 164 838 12 76 18 108 662 568 441 64 0 238 52 688 580 539 103 411 971
391 724 666 555 76 360 133 45 63 0 359 548 45 509 503 927 0 660 871 550 10 101 119 113 106 5 631 294 256 394 0 43 379 459 235 331 38 646 679 587 292 145 263 307 767 58 7
81 237 515 754 523 321 249 270 516 253 109 124 601 0 363 48 59 88 101 59 737 496 679 816 735 857 53 683 189 735 388 43 124 882 7 3 520 757 472 276 999 83 0 67 955 181 556
428 374 37 189 450 150 0 14 443 900 159 91 249 571 796 321 342 37 552 257 38 143 57 59 0 335 0 505 311 91 87 584 23 871 358 330 13 610 228 456 732 438 18 120 856 333 423
98 786 231 440 696 1 604 414 647 748 47 606 558 137 834 588 139 313 46 468 65 704 709 94 17 3 73 539 522 693 45 3 758 739 865 341 16 690 309 425 372 110 57 297 120 482 264
883 61 0 225 851 14 143 28 235 34 313 473 133 931 560 63 472 840 507 20 21 212 361 198 1 967 810 647 651 223 284 23 0 382 207 427 734 46 296 736 750 872 158 5 858 153 31
10 393 81 126 0 416 109 0 74 313 42 886 17 3 302 27 25 787 4 315 743 363 429 349 335 189 83 26 10 837 56 4 99 79 104 35 214 29 362 8 632 0 402 10 572 135 0
