94
107 660 465 2 47 9 146 618 262 207 103 744 732 31 2 0 84 1 149 31 390 239 951 230 324 111 898 64 395 27 299 727 41 397 443 37 44 705 13 158 61 116 21 69 176 975 38 70 182 290 149 70 20 346 12 852 91 495 24 967 26 752 997 859 799 173 421 783 320 723 636 3 140 9 718 21 56 256 343 57 780 57 364 45 84 740 0 868 978 134 0 869 71 166
425 293 600 8 103 89 195 79 1 585 102 122 125 84 545 1 0 9 945 11 111 280 150 475 132 11 89 0 160 203 233 193 244 0 806 260 15 16 151 459 39 348 636 353 18 6 168 68 26 405 480 1 525 114 18 552 907 906 902 620 0 396 286 8 54 678 227 100 597 400 89 20 8 732 296 4 52 525 450 33 669 976 11 331 0 483 32 110 0 724 500 641 13 152
767 238 15 370 1 385 116 830 837 534 945 477 43 125 376 181 53 363 52 187 914 93 64 473 108 52 61 324 0 660 0 156 160 232 31 925 949 0 884 231 411 721 274 137 5 183 21 894 693 600 404 896 339 181 371 285 320 72 537 47 33 46 50 190 395 582 52 125 491 14 31 31 76 132 31 967 39 316 881 25 27 826 153 96 657 239 23 161 0 493 248 205 476 738
29 156 886 333 697 451 884 291 660 750 266 6 0 63 736 377 870 642 995 333 102 1 334 296 329 920 695 331 203 284 78 0 166 403 926 52 863 4 835 178 199 53 35 30 686 93 181 875 112 235 443 86 439 69 376 51 413 525 8 505 223 633 108 351 105 11 985 308 54 225 16 0 355 681 505 433 655 420 629 2 1 937 995 667 833 358 349 357 50 72 10 117 25 157
1 750 243 290 163 5 501 4 886 360 12 857 194 26 105 80 199 6 974 141 435 420 555 186 5 943 476 74 727 725 145 223 141 0 755 527 134 352 6 134 2 35 588 6 76 932 686 225 44 0 230 711 520 8 212 807 965 34 149 115 838 136 477 104 403 65 101 543 181 198 391 346 959 1 35 493 7 106 148 301 856 353 33 32 15 4 1 268 916 442 250 23 5 17
940 874 535 0 187 342 4 455 241 768 152 28 866 53 226 676 16 90 809 485 2 684 994 580 699 491 284 560 188 825 970 106 803 174 512 0 127 285 283 224 528 173 615 185 191 319 246 976 22 456 15 486 772 623 835 648 602 6 418 6 259 950 514 435 151 104 330 0 717 353 13 67 645 289 21 11 401 557 279 727 254 616 211 58 40 749 563 992 97 737 11 150 58 240
550 123 152 479 141 112 807 379 541 108 3 291 710 139 587 4 110 1000 270 0 397 295 728 165 185 614 657 515 109 228 118 271 432 61 137 801 419 84 30 505 106 271 724 485 276 512 425 10 667 617 0 1 424 1 177 265 53 623 435 115 138 162 93 252 18 0 662 0 14 667 145 6 378 669 229 774 195 4 628 68 22 40 14 259 104 394 596 907 792 498 508 641 112 752
71 72 66 964 2 326 774 95 454 236 971 109 77 89 661 656 98 8 128 951 179 327 5 640 973 611 0 9 228 5 180 185 669 317 302 275 122 363 42 567 159 67 255 122 5 251 888 527 148 371 100 670 216 120 7 995 389 394 218 628 74 222 89 950 227 136 531 144 25 83 847 334 755 610 108 1 11 830 104 690 133 64 96 257 833 15 481 600 872 124 775 263 384 776
49 148 183 182 807 923 494 557 44 182 774 133 215 360 666 115 843 65 892 771 65 968 275 466 398 811 159 1 96 568 225 227 754 450 0 13 331 5 338 908 204 471 300 96 325 477 88 609 990 168 103 33 390 332 158 29 239 4 717 14 437 244 570 752 947 773 463 71 618 114 1 73 7 159 789 573 344 6 933 399 323 926 273 33 352 65 846 74 675 203 878 360 325 390
500 415 139 19 248 393 54 19 604 214 452 409 289 10 564 216 233 201 91 1 145 944 708 130 581 583 881 232 332 177 56 154 597 31 41 61 567 996 226 171 755 541 56 273 445 77 269 397 146 701 38 66 340 924 874 972 693 100 730 458 38 34 527 17 8 189 7 412 972 675 497 372 111 252 102 733 579 0 78 309 297 410 617 0 666 216 7 374 57 181 841 357 878 87
4 177 507 40 29 745 322 967 58 357 218 329 160 621 547 612 107 388 126 196 980 226 0 743 918 581 204 577 0 261 502 203 6 168 266 182 71 1 351 57 118 573 374 277 314 343 55 591 0 89 3 2 170 56 300 0 547 6 947 8 1 602 296 453 135 837 63 809 0 719 975 22 931 856 103 874 186 728 176 494 612 611 465 573 649 61 344 163 657 69 353 601 995 707
200 69 26 11 286 126 17 17 404 983 21 5 292 23 132 37 120 190 604 3 567 2 859 3 4 941 447 467 295 588 131 77 3 320 223 905 394 90 0 115 287 652 239 158 862 191 171 262 133 537 454 109 299 23 59 164 141 206 393 492 460 18 500 870 335 130 0 24 987 43 0 8 499 15 759 101 610 486 227 774 191 948 487 485 936 251 489 114 977 40 812 663 61 434
9 564 280 122 260 55 61 90 451 160 32 9 247 72 5 110 133 408 893 1 19 25 85 0 301 17 232 241 879 53 4 815 32 542 5 687 65 470 42 707 102 539 225 748 671 5 0 51 443 502 83 274 663 418 52 146 75 98 193 44 963 331 552 635 587 205 154 19 182 20 858 325 697 73 406 627 9 109 592 694 4 157 223 5 231 48 331 951 576 335 54 54 269 60
349 348 784 8 226 102 503 128 428 59 18 835 48 64 51 686 371 15 363 109 389 274 461 324 746 583 187 682 580 614 385 8 606 77 77 313 125 220 549 35 235 1 250 0 396 83 334 12 523 218 660 441 604 1 522 567 61 254 46 689 903 45 559 935 170 130 150 230 0 567 434 158 185 305 800 625 195 45 960 290 89 777 12 456 985 0 80 252 169 733 15 914 534 774
871 114 439 72 539 162 3 539 364 54 191 352 271 40 392 15 286 486 29 4 521 289 49 89 1 752 892 321 242 36 910 561 258 305 25 664 804 493 898 265 638 58 725 672 8 20 938 96 908 210 161 303 900 118 167 8 764 900 388 369 156 6 271 35 404 289 634 927 391 3 275 784 567 93 1 671 821 197 683 777 0 683 823 262 101 49 991 508 50 116 636 2 651 94
37 581 835 581 28 978 22 3 271 470 196 957 249 401 321 832 868 44 515 805 453 950 437 841 239 249 214 646 868 607 694 255 15 21 704 780 10 0 61 181 166 0 1 44 6 7 455 96 11 696 663 297 178 520 129 10 82 713 23 135 1 702 107 681 188 103 910 20 56 573 765 19 111 591 756 27 372 440 618 514 126 954 395 138 85 571 187 245 441 10 471 7 887 51
886 683 166 184 988 824 350 198 420 262 92 120 1 883 317 562 336 94 554 576 46 13 74 354 174 127 203 563 519 351 761 661 807 767 550 348 185 93 954 671 12 25 48 255 19 3 756 1 255 645 87 9 672 344 524 0 100 919 48 519 63 13 539 248 252 86 25 456 341 468 467 660 966 428 136 467 629 769 917 415 413 245 743 221 118 109 637 954 266 996 658 868 965 197
976 878 173 688 39 497 471 971 23 9 139 366 185 411 77 57 712 163 869 0 368 128 962 9 58 567 821 654 283 11 354 42 2 530 21 254 564 307 369 890 6 243 462 28 57 227 385 580 360 788 0 832 494 300 490 29 808 712 856 524 128 294 501 365 944 273 113 107 285 824 10 48 95 0 51 165 472 178 293 1 311 165 824 210 883 105 275 9 16 28 395 500 825 112
46 178 131 334 161 175 256 834 510 1 558 156 897 220 866 627 638 447 30 783 116 0 306 8 32 545 892 2 19 0 4 44 764 633 365 46 36 13 95 536 359 72 796 303 788 634 699 840 225 36 504 24 240 157 850 689 37 5 628 0 73 13 58 391 657 98 352 743 44 547 39 197 819 785 230 167 844 230 168 59 343 583 834 412 288 12 27 73 661 763 110 4 412 32
0 113 274 317 669 305 951 157 486 17 121 296 0 579 251 742 357 39 445 3 32 387 3 75 775 50 536 253 995 10 523 235 6 689 550 22 647 81 427 6 959 54 872 594 2 107 51 1 3 864 35 90 345 71 251 187 103 173 100 50 121 115 4 351 82 14 490 30 24 84 250 112 519 669 448 288 534 205 22 319 474 642 367 0 4 22 296 71 400 28 188 44 383 279
860 705 500 295 105 323 533 60 777 18 988 37 972 324 920 237 39 767 44 387 47 647 71 12 916 515 542 652 234 41 84 777 153 511 748 68 386 509 451 247 523 717 175 187 1 120 916 0 13 0 470 884 3 238 167 992 132 837 130 135 170 616 311 860 305 283 448 602 88 72 32 279 43 226 511 9 687 102 370 569 59 102 520 0 862 0 5 3 744 922 449 248 809 610
627 182 136 342 967 0 815 89 17 401 406 366 210 39 4 863 235 127 470 604 78 344 4 54 605 39 394 98 4 281 99 157 575 114 25 196 72 30 77 360 612 357 601 74 672 69 313 718 12 13 16 10 6 284 110 0 588 278 938 4 6 212 2 705 542 28 181 267 1 621 200 282 232 314 319 479 3 623 289 67 330 275 378 105 978 981 302 239 231 602 65 189 781 706
237 80 439 461 25 418 80 59 343 15 999 1 976 106 935 304 39 72 6 14 597 78 260 75 255 378 818 41 11 79 658 47 24 525 514 871 471 227 780 412 399 409 49 167 25 280 3 115 886 156 65 233 2 717 765 864 464 738 306 2 39 385 62 809 124 509 1 577 0 315 87 43 698 0 887 40 659 307 835 16 35 157 734 499 232 3 400 6 908 267 0 192 142 919
325 158 0 877 148 4 134 679 219 459 933 746 235 287 594 19 711 219 427 582 22 248 649 327 282 28 644 453 582 131 818 317 860 851 108 448 286 13 426 384 670 82 255 5 598 394 21 191 99 331 39 89 418 801 312 994 990 931 256 719 275 111 512 427 139 386 270 915 46 21 456 725 928 20 0 35 139 774 236 694 115 22 874 3 817 390 880 694 38 223 83 4 538 95
407 63 1 443 191 571 163 357 226 350 543 114 799 103 1 140 240 516 198 940 606 318 5 478 408 279 280 161 626 309 114 536 7 286 133 530 608 671 795 510 91 899 388 306 781 181 6 972 408 607 821 3 2 379 412 639 880 74 128 77 360 904 716 983 1 67 37 810 499 137 0 0 751 964 4 34 16 555 853 477 318 534 242 166 952 940 15 866 659 4 689 676 501 197
6 151 1 102 21 84 271 164 464 211 113 962 156 642 935 30 665 861 196 820 0 213 396 124 54 168 88 192 105 557 308 706 1 435 109 764 251 9 0 8 902 664 566 135 791 187 39 13 511 527 75 205 3 889 505 499 667 883 375 469 317 270 646 349 129 900 115 581 358 548 3 536 75 600 354 449 1 15 672 20 96 883 40 774 21 529 957 119 299 400 792 280 472 658
591 48 843 336 748 117 533 583 64 43 134 416 8 91 142 153 1 119 264 956 30 803 134 0 184 252 156 92 34 129 49 175 145 37 41 268 946 435 3 243 2 356 884 433 672 2 974 37 89 719 613 866 980 64 221 643 17 121 595 424 189 53 788 110 869 178 829 204 3 43 971 82 66 77 79 17 68 74 914 587 399 441 175 797 27 67 125 219 65 0 736 926 300 742
5 73 870 296 202 450 954 538 598 5 35 29 48 778 457 533 158 975 211 5 512 222 546 420 976 817 3 754 449 352 772 69 917 66 480 680 150 794 457 309 171 0 374 2 240 921 0 898 32 995 357 417 897 37 313 6 469 35 14 621 9 186 182 693 24 585 235 70 278 56 15 66 531 483 56 752 585 487 27 441 142 548 47 362 172 679 7 12 0 208 202 225 343 59
79 590 149 222 126 0 11 832 144 815 553 10 8 818 317 6 757 810 181 98 487 964 3 27 127 86 80 36 771 846 520 36 465 329 940 92 275 29 301 536 36 207 185 257 657 196 947 267 103 40 8 144 483 47 228 44 11 227 516 6 10 79 558 684 262 234 25 812 217 628 659 841 6 122 6 147 659 255 474 29 257 0 170 315 129 45 19 0 139 22 344 390 453 10
65 9 55 64 298 124 4 772 14 4 288 230 34 38 204 77 349 616 399 64 17 171 69 139 105 178 1 628 432 125 442 192 48 6 0 307 126 3 698 43 296 816 175 146 309 9 347 247 682 426 729 109 6 55 45 658 780 15 738 8 14 1 235 0 206 242 117 47 3 160 233 0 1 22 35 3 136 640 133 109 212 158 467 261 119 297 862 43 325 114 920 537 434 421
520 2 384 896 261 466 42 844 113 148 16 212 5 297 0 9 421 562 39 1 521 545 7 697 90 12 432 8 107 24 14 5 48 358 617 680 0 0 282 30 991 347 403 665 54 3 76 261 441 62 360 650 152 716 636 701 106 70 30 385 642 0 63 643 315 164 339 343 433 821 190 224 80 48 754 36 409 56 441 0 172 329 74 776 711 99 22 230 967 567 101 636 508 17
727 204 375 156 723 154 72 217 312 1 203 197 304 908 52 309 24 466 252 249 630 965 0 42 581 993 101 586 9 907 101 717 27 425 637 224 592 301 26 156 248 195 907 138 254 591 247 224 412 0 3 4 845 783 567 978 623 10 896 56 551 178 934 329 37 503 472 208 642 783 649 67 169 394 678 563 160 627 452 605 498 120 516 429 180 274 17 566 430 1 460 735 571 122
446 113 262 1 501 517 284 36 140 9 601 0 39 641 549 164 994 997 461 5 648 894 721 518 2 868 272 808 606 565 345 10 363 7 0 48 678 0 50 886 982 924 512 287 885 404 90 430 798 652 35 212 38 273 878 0 123 163 541 107 6 9 150 0 0 395 76 803 34 361 433 326 896 114 203 522 596 254 729 336 708 434 479 991 45 256 0 104 189 177 504 164 663 925
873 192 347 301 31 136 135 262 44 185 83 588 804 391 132 713 416 96 1 259 298 108 831 562 26 165 80 799 544 500 371 230 14 613 245 0 36 624 758 5 355 426 0 149 508 27 422 34 33 776 55 151 0 141 384 45 322 171 603 303 3 189 319 781 572 414 640 19 697 124 199 374 9 51 353 171 12 611 395 6 31 103 91 576 109 111 401 527 137 475 796 256 146 221
589 160 431 727 828 27 722 553 343 458 24 401 146 571 164 194 157 4 609 51 0 38 246 321 620 91 111 456 777 267 64 47 219 550 0 635 106 55 1 644 231 134 921 3 912 286 170 978 768 69 474 6 51 415 51 797 14 27 27 14 525 179 264 15 141 222 127 8 4 26 601 839 593 538 828 472 520 1 106 164 887 68 132 884 937 0 0 624 460 153 217 723 653 133
687 123 180 336 192 30 996 304 121 836 758 42 0 27 373 429 91 52 77 533 805 76 120 684 74 754 262 345 0 982 111 22 0 0 5 30 0 61 0 147 15 224 582 94 14 9 343 17 73 946 190 85 792 645 433 40 45 77 323 461 975 930 155 67 75 796 588 690 219 319 32 714 930 154 836 102 143 208 836 20 526 920 3 268 269 394 232 30 963 51 902 0 45 526
577 131 17 158 429 193 93 57 98 348 2 723 813 763 39 74 42 434 419 2 503 68 0 618 614 527 21 68 279 195 145 269 632 573 67 10 28 378 100 314 972 56 476 300 396 0 839 510 378 93 611 65 294 945 328 0 132 4 891 408 122 556 224 316 554 387 5 694 25 55 165 952 21 5 164 90 694 210 717 683 905 260 43 3 887 33 553 959 460 109 492 255 654 902
741 216 124 281 436 433 829 441 243 49 770 870 47 2 134 499 232 150 640 831 951 133 97 783 0 76 106 876 968 319 118 664 436 560 411 767 0 351 785 876 177 179 185 616 332 513 273 702 299 2 137 130 97 520 425 0 568 54 272 322 312 135 448 195 68 4 214 513 0 540 542 708 75 29 110 95 272 209 3 28 65 734 927 11 335 4 277 353 15 592 846 783 130 449
283 752 734 268 253 263 94 65 812 113 44 678 7 620 122 799 950 257 173 997 73 639 80 418 906 0 794 570 59 111 855 47 797 1 23 52 256 125 218 373 66 8 473 84 131 40 259 547 912 174 938 101 0 19 403 566 7 10 92 395 145 793 54 91 171 520 507 936 51 143 404 596 727 203 436 4 560 254 990 611 107 526 364 616 746 12 17 883 205 551 733 7 192 302
115 0 493 146 558 289 10 82 647 230 211 70 19 60 389 92 950 160 635 466 779 147 164 356 54 29 883 961 563 0 236 496 392 94 554 911 1 305 752 435 107 316 33 40 952 13 546 567 304 123 0 411 609 4 387 268 80 223 927 150 302 770 578 408 412 72 5 220 262 589 261 954 12 58 24 11 497 49 516 5 652 205 91 2 128 128 0 219 786 459 254 121 333 797
9 0 962 25 63 118 639 313 78 0 52 536 34 0 413 257 191 79 55 829 39 741 814 191 763 13 657 808 76 968 157 8 909 154 544 38 65 713 259 321 663 631 3 145 713 482 817 6 248 21 280 920 567 55 5 412 0 312 59 388 75 192 577 80 260 90 117 183 959 52 237 734 0 12 347 199 190 309 967 66 13 142 48 64 155 7 26 87 399 92 701 259 774 683
179 422 937 687 202 215 0 0 599 41 1 8 599 374 997 86 480 106 318 223 220 213 987 138 68 487 394 3 34 251 121 41 1 67 211 228 509 283 835 85 27 592 856 445 239 83 97 794 612 352 980 582 159 91 221 44 524 986 632 0 97 590 138 72 480 672 7 451 182 61 75 172 632 316 41 708 975 757 0 443 85 747 215 156 20 119 332 732 394 599 316 554 24 819
81 235 894 113 808 239 902 525 44 4 213 63 890 167 294 0 960 302 327 72 185 95 912 694 15 726 274 94 7 622 351 70 716 169 76 34 104 251 827 12 23 429 327 581 0 102 951 24 239 342 130 449 169 548 319 263 117 37 56 294 521 26 873 25 220 696 329 22 53 868 3 239 607 30 770 110 107 102 711 105 196 24 238 874 729 80 382 252 130 639 54 504 14 67
26 369 855 639 644 685 821 246 50 45 874 89 897 653 241 2 371 15 824 531 791 464 23 284 630 26 254 179 148 997 431 18 6 251 10 306 226 877 33 832 964 243 48 338 293 78 990 259 114 14 394 43 323 1 955 167 250 55 244 79 490 285 89 1 1 912 211 34 670 857 596 388 205 4 420 985 231 1 27 881 634 58 689 66 747 0 29 146 298 185 67 642 265 99
3 576 410 297 72 272 400 248 446 25 0 253 12 1 985 208 9 66 46 1 138 671 5 522 698 240 949 70 512 349 198 398 376 205 527 201 601 343 774 184 689 0 77 555 10 60 846 927 259 13 730 56 153 52 469 412 326 1 172 69 45 425 504 944 6 247 433 848 139 673 162 684 733 603 215 752 469 989 778 663 188 279 548 384 658 374 315 769 459 401 49 69 331 773
261 124 890 166 15 217 139 174 0 355 9 28 96 725 797 35 418 39 15 7 10 400 964 0 53 133 2 632 997 310 315 783 384 209 205 471 851 188 788 51 371 5 90 84 375 180 210 598 40 344 498 575 214 724 247 0 385 54 25 775 330 92 4 615 1 87 568 708 899 34 528 610 516 444 5 56 678 204 690 1 39 243 15 72 0 44 646 56 19 9 182 473 43 763
162 267 605 30 669 33 98 16 1 82 684 4 275 329 447 517 8 9 152 914 334 121 107 821 508 251 78 140 794 781 90 895 429 133 216 480 287 76 719 819 756 427 2 880 971 292 612 634 13 313 623 664 204 244 614 808 931 15 137 40 806 570 2 63 317 3 218 421 197 40 147 338 627 58 10 107 725 146 18 608 934 305 33 946 465 156 595 265 29 14 722 45 643 39
911 510 101 698 700 177 413 6 426 76 512 707 692 975 746 236 412 475 993 402 241 57 498 960 18 651 2 542 243 771 23 683 233 922 356 129 45 228 5 738 228 946 258 79 299 192 355 5 352 1 610 17 453 56 330 640 115 972 385 652 13 123 733 740 775 994 50 8 102 377 266 7 352 880 840 187 2 114 31 54 16 33 859 75 2 0 943 8 886 689 452 3 793 219
98 21 717 858 169 52 54 349 0 367 991 667 35 0 361 27 290 82 0 8 109 42 225 581 178 28 302 304 0 202 257 913 901 191 93 958 71 109 402 154 315 72 170 341 294 29 36 577 742 242 0 32 89 948 616 83 479 490 568 14 90 0 529 746 25 51 365 424 207 183 44 0 568 2 8 571 128 218 823 896 200 129 194 163 211 617 146 797 461 908 150 0 160 6
185 325 0 944 481 110 33 708 436 452 683 752 418 72 43 7 969 15 11 44 156 0 10 472 718 990 960 84 522 23 401 987 3 23 731 937 5 287 225 972 203 399 26 124 25 426 176 222 805 108 132 221 86 959 796 125 65 313 466 351 608 518 352 235 28 220 835 609 382 258 6 0 429 2 534 801 579 180 127 9 36 198 150 144 101 588 699 606 230 99 345 189 707 101
167 459 575 928 482 297 997 439 253 475 394 21 428 744 37 750 286 0 30 79 14 257 166 704 283 37 52 2 10 195 277 203 151 105 34 23 870 258 4 204 770 870 372 376 513 220 66 812 398 32 29 927 469 443 429 11 588 24 9 177 105 906 259 253 491 951 74 562 7 1 169 989 520 682 164 156 275 0 105 41 47 273 706 104 490 215 342 211 128 394 33 570 123 465
13 434 10 0 121 566 125 843 702 188 617 28 19 643 266 765 323 5 79 38 167 0 557 95 1 8 0 131 298 215 148 10 409 515 866 992 109 37 228 16 428 749 7 256 16 669 465 550 667 38 0 9 752 1 890 131 196 1 17 153 258 305 0 295 744 764 347 562 666 494 192 774 414 914 1 783 81 74 482 41 176 180 169 235 114 176 324 804 90 12 92 314 428 422
14 57 818 484 142 225 286 129 29 549 3 469 10 0 173 686 407 705 743 18 504 31 609 101 783 180 662 54 983 103 108 450 332 687 183 177 104 547 244 554 19 678 327 648 208 191 41 799 593 208 145 194 8 641 463 62 210 273 292 862 929 0 233 558 105 15 935 20 791 19 14 199 123 662 273 4 715 354 379 656 196 653 177 60 509 149 5 157 66 899 98 23 29 652
290 2 55 16 940 258 315 39 359 388 296 766 21 544 19 3 382 242 10 204 1 677 270 109 435 877 350 659 998 419 2 726 903 24 6 708 362 98 679 682 626 80 56 764 34 73 674 106 805 818 181 536 839 340 374 25 160 993 267 401 856 394 123 100 644 327 571 328 26 92 16 595 840 919 25 186 128 98 190 256 696 340 346 0 154 234 0 46 60 219 573 570 23 297
762 276 32 256 19 232 520 922 886 165 65 52 802 130 909 758 20 142 913 639 577 1 5 2 997 118 551 48 67 703 970 450 597 265 857 348 0 89 752 90 300 794 196 123 13 560 0 156 3 52 138 212 309 462 421 681 65 920 273 3 793 304 167 811 31 168 280 25 64 27 493 17 78 208 888 632 48 701 1 217 70 602 200 677 325 92 82 340 329 32 476 270 157 307
786 106 489 458 462 271 376 559 253 327 231 3 6 753 17 924 261 29 144 2 281 373 131 903 34 916 615 807 12 367 268 42 14 480 63 4 424 14 80 251 113 5 985 78 669 733 918 103 769 244 56 729 172 968 306 7 19 589 5 115 771 8 30 10 6 938 79 727 108 35 819 6 284 625 3 650 384 3 749 139 823 415 11 356 10 981 395 28 4 135 275 661 0 97
191 62 1 290 672 179 701 2 94 763 103 332 720 523 731 351 81 11 30 413 41 0 561 811 180 114 366 42 622 376 115 987 271 96 29 21 912 156 491 844 211 400 160 98 308 662 2 10 11 0 279 154 443 22 545 14 867 965 185 201 696 50 869 2 987 320 552 464 126 371 338 377 59 22 5 672 77 46 154 453 545 20 268 4 39 884 530 0 24 661 538 784 35 197
788 69 26 816 54 298 456 15 487 64 758 835 937 284 488 2 68 238 2 352 584 648 27 716 835 107 69 959 113 129 3 866 573 397 960 600 153 124 146 49 0 825 401 271 659 97 90 710 181 19 152 20 832 11 510 300 349 97 261 30 807 8 971 467 49 390 247 393 72 372 138 6 0 10 453 154 780 96 107 116 286 30 35 59 11 106 216 806 767 268 434 353 319 376
960 59 78 148 943 728 604 371 616 71 142 503 441 199 757 292 69 196 170 313 48 74 22 801 57 686 727 226 878 123 0 338 611 60 202 108 132 648 82 110 56 76 11 23 103 737 14 11 339 1 457 50 622 275 876 499 109 20 112 334 35 251 43 136 236 1 179 244 994 351 78 65 471 55 841 155 614 44 0 36 341 141 503 734 476 549 0 30 8 211 28 837 283 510
588 60 408 894 392 3 166 947 678 1 680 822 268 669 518 7 340 187 807 914 919 457 164 404 177 4 692 54 174 3 360 294 424 21 920 215 449 769 495 8 91 417 643 805 159 925 1 284 720 352 709 468 884 123 270 599 754 467 0 370 408 3 8 892 248 436 29 551 296 83 720 853 930 978 1 97 148 47 34 169 14 525 960 339 314 278 68 88 5 208 119 393 237 753
287 122 121 611 935 235 31 384 82 10 524 393 218 0 13 67 63 112 387 212 67 743 648 815 229 920 14 380 3 151 872 773 26 219 396 485 47 11 311 482 270 61 281 684 944 78 2 242 204 717 560 15 0 917 116 584 19 266 16 0 189 130 104 269 4 492 85 47 779 17 13 615 6 359 8 486 44 879 123 938 230 785 60 199 98 878 467 330 943 35 582 55 12 80
180 17 27 186 472 245 6 640 248 3 842 92 173 0 3 1 0 302 620 45 284 11 164 42 340 31 808 661 350 271 208 178 207 8 183 2 395 143 218 11 114 39 815 161 3 951 180 82 74 8 360 180 129 261 0 107 437 844 559 76 29 14 30 8 933 170 32 205 254 397 471 774 60 840 981 69 1 794 76 457 134 663 80 345 14 111 522 139 501 73 308 135 644 505
58 56 282 262 801 158 256 652 444 517 452 294 338 554 686 401 487 0 16 507 897 261 6 38 61 780 815 298 0 280 710 362 221 23 2 144 601 372 283 606 939 364 20 279 878 365 0 331 676 41 755 502 431 167 207 992 116 273 112 83 801 0 15 37 342 390 84 6 578 87 820 16 945 253 21 335 0 169 494 103 689 40 986 578 250 257 379 249 59 33 435 726 322 304
520 784 55 133 113 512 945 709 997 343 415 665 3 600 318 720 20 750 394 25 201 137 132 861 552 286 18 815 102 122 384 73 929 902 0 11 59 163 393 995 116 20 856 30 8 293 465 128 5 256 429 240 379 234 306 577 415 188 405 407 582 72 307 0 36 417 348 25 821 0 282 922 850 12 32 80 440 921 33 2 61 32 431 673 158 17 11 3 503 898 8 2 271 543
255 702 713 2 356 828 834 817 595 129 405 826 571 435 43 380 645 959 107 387 665 411 122 85 1 47 570 301 394 521 406 43 229 494 246 260 447 30 289 130 14 487 40 444 851 723 5 265 292 257 447 143 36 1 43 727 166 27 135 129 1 398 31 99 394 376 65 360 517 105 153 118 415 100 0 121 424 85 0 35 56 15 327 119 363 663 23 189 670 17 73 167 590 10
307 853 0 93 90 448 0 77 468 619 636 369 430 376 942 432 2 121 35 103 526 0 506 710 879 52 75 494 64 829 853 4 203 110 710 749 88 19 284 592 726 420 342 24 311 373 154 159 367 485 277 46 761 29 52 103 521 139 13 536 71 136 368 119 134 162 259 342 245 612 5 37 191 11 149 28 169 96 589 316 230 15 701 80 972 28 57 867 53 719 601 31 649 679
215 3 21 3 992 3 907 215 83 285 655 257 18 141 56 640 149 180 55 110 11 2 43 779 169 85 470 858 28 926 203 778 280 179 22 421 45 728 11 337 402 902 119 271 685 28 709 453 453 529 182 675 40 82 543 5 118 540 120 760 205 764 30 19 592 276 536 0 948 46 108 318 934 290 203 211 352 586 363 31 616 177 519 951 834 507 14 657 119 9 157 303 877 182
802 214 178 70 173 3 436 327 0 242 672 902 956 103 269 69 118 779 25 17 109 176 234 555 889 7 239 8 343 83 447 175 100 522 1 748 803 540 780 386 244 317 4 63 669 716 723 50 0 0 924 4 308 377 656 318 258 7 325 739 634 62 380 477 347 222 998 44 574 606 402 709 427 213 0 435 9 482 787 54 385 508 98 0 642 778 20 141 746 83 354 558 0 485
94 33 741 921 430 26 174 880 249 387 16 463 342 212 155 29 14 297 0 116 61 370 73 916 304 115 946 96 32 507 191 563 73 11 92 40 222 187 37 461 86 143 975 367 289 199 57 276 0 444 82 768 951 144 55 35 566 282 818 197 604 11 14 623 3 686 51 3 227 107 359 467 258 76 234 15 560 918 102 273 278 297 226 407 514 336 380 754 928 2 24 0 96 495
257 777 0 921 564 237 374 100 672 512 205 417 701 746 20 971 146 141 547 793 833 376 179 267 232 104 500 424 22 280 405 501 368 959 877 44 148 796 0 387 4 336 584 2 363 4 215 0 652 323 207 86 0 495 19 203 16 5 810 891 0 539 213 7 570 163 9 854 7 0 97 567 496 874 409 0 182 39 697 27 28 74 786 137 849 309 16 3 700 77 1 650 230 188
990 743 251 176 953 758 392 432 36 55 1 225 274 312 48 895 78 771 625 239 959 926 812 0 471 58 15 395 512 444 0 984 87 552 138 199 354 3 206 186 228 115 93 586 416 3 107 944 39 19 597 386 246 25 4 198 732 886 465 52 259 32 494 248 119 937 254 16 0 50 10 500 156 926 893 10 124 707 306 72 327 26 325 907 189 446 446 23 735 301 370 65 831 6
132 269 0 135 14 37 803 24 143 355 469 125 315 272 135 175 41 831 283 697 326 11 161 434 37 113 148 165 1 117 149 229 0 18 448 706 501 4 269 53 66 28 361 383 8 543 186 902 938 140 155 90 433 804 520 49 332 5 477 603 407 52 806 402 0 20 46 253 194 432 7 9 952 0 331 737 31 91 193 31 955 504 234 25 149 209 278 576 0 776 839 947 959 59
120 120 147 73 922 116 201 0 716 402 142 799 60 368 186 241 680 133 778 2 68 8 37 262 95 632 87 508 62 80 361 300 34 761 0 315 934 246 188 72 400 117 147 149 694 54 151 416 496 378 67 184 11 551 271 474 66 499 217 85 480 703 122 490 346 705 718 420 62 276 881 155 500 96 353 943 61 94 181 481 304 630 31 190 976 50 646 939 314 911 156 200 22 92
350 426 518 214 0 669 337 527 354 936 831 915 88 764 322 61 17 407 209 58 247 491 545 161 0 115 78 264 113 532 398 0 258 89 325 463 113 575 169 295 475 132 229 804 550 21 151 520 49 661 93 211 4 129 126 323 715 233 371 178 49 189 952 11 102 269 658 292 918 25 5 478 41 592 501 496 262 101 927 55 247 118 67 584 9 177 23 256 364 723 6 394 5 522
17 37 855 86 558 216 636 5 816 128 36 120 82 490 251 347 521 68 658 995 565 297 840 478 693 128 709 718 2 311 22 0 51 4 244 9 91 733 0 89 488 817 709 271 178 357 77 834 227 595 31 371 0 88 183 243 997 4 188 988 279 164 573 593 35 565 90 2 3 415 667 395 503 458 451 558 797 150 425 726 48 24 18 502 177 572 34 163 491 2 165 749 824 516
541 83 28 29 9 709 831 482 785 80 848 651 354 225 623 830 140 719 167 904 72 988 195 0 0 88 503 632 907 186 102 484 326 334 828 11 809 694 2 676 515 970 25 740 537 73 88 124 41 43 7 232 361 147 5 875 0 98 601 346 727 35 563 386 859 795 619 835 0 55 254 240 77 640 144 813 787 318 532 641 0 111 19 1 0 0 393 771 155 258 662 624 4 942
2 188 115 251 212 678 58 3 193 188 588 593 49 574 533 142 458 651 426 525 64 1 930 169 5 381 504 0 695 749 217 290 892 612 198 22 776 451 103 76 184 535 39 637 161 165 252 292 739 3 974 764 24 44 114 878 0 0 669 329 857 607 54 130 422 96 0 313 14 525 27 776 228 59 791 48 536 626 708 713 145 55 2 634 908 788 1 98 501 35 271 319 846 26
24 60 29 928 158 481 82 557 189 114 687 17 0 394 213 481 757 33 853 19 22 220 465 64 945 191 142 275 131 308 5 271 877 557 837 228 222 479 66 386 492 23 2 291 243 218 21 3 177 440 66 520 150 45 102 422 860 13 918 570 970 220 125 295 118 834 135 28 239 506 194 568 15 7 62 415 137 7 247 514 793 24 377 167 724 115 181 22 422 834 667 680 14 319
537 32 873 133 7 807 104 46 321 80 145 22 339 0 97 316 785 227 67 714 135 2 655 0 18 48 173 2 0 775 325 210 4 426 157 110 54 589 386 211 731 46 298 141 4 2 559 417 168 207 368 45 816 315 316 773 534 157 788 293 477 486 690 362 73 494 823 0 0 188 576 785 24 89 528 47 700 0 543 336 383 668 49 42 102 2 775 1 700 387 619 24 643 403
718 123 160 76 325 88 826 0 13 222 565 898 47 970 371 858 644 0 804 443 109 208 218 621 250 467 167 45 391 442 783 996 41 610 850 37 768 334 84 85 168 932 571 153 354 673 254 398 82 79 96 6 116 9 298 0 544 130 610 170 733 527 0 353 4 397 737 37 546 115 162 430 940 992 512 70 458 65 964 496 73 583 0 24 260 41 522 195 462 351 273 557 361 92
257 3 789 101 55 27 8 275 124 817 78 858 224 829 423 0 545 17 286 40 799 6 121 785 194 46 24 241 937 701 311 595 201 593 960 799 40 595 595 7 320 144 935 12 739 937 489 965 94 927 275 0 16 116 754 211 382 981 5 629 634 411 70 830 283 948 13 21 855 14 142 32 830 531 196 342 0 87 370 147 836 434 10 476 0 864 127 794 99 981 822 134 357 377
502 185 57 217 123 822 790 877 0 753 402 518 13 312 843 603 182 56 302 814 342 816 2 212 21 385 12 2 22 297 46 57 332 3 134 365 978 105 648 594 418 318 60 103 880 952 133 937 632 167 854 282 612 67 132 3 14 14 8 16 124 433 8 65 0 896 713 76 473 270 151 199 122 72 538 142 430 63 12 869 95 842 15 13 39 813 160 79 7 573 247 175 1 3
4 138 3 16 0 29 913 243 112 246 3 19 31 725 572 8 562 52 28 958 55 0 327 513 768 479 499 426 0 992 157 35 393 478 353 212 536 316 160 540 767 20 500 16 133 64 197 168 146 944 410 877 309 469 47 697 358 739 568 296 481 10 846 0 128 223 20 561 285 55 18 100 921 218 181 255 84 206 642 460 35 25 25 422 277 31 346 106 75 876 59 56 61 1
80 800 120 736 281 189 23 43 609 27 105 132 78 316 802 95 505 69 233 549 43 323 617 87 474 712 0 546 175 484 566 22 458 26 36 196 405 83 508 680 226 124 454 398 13 447 794 428 4 2 887 805 296 951 27 35 3 440 953 12 146 356 646 459 0 164 51 932 252 498 168 519 714 3 32 219 970 16 415 639 294 45 235 404 41 151 470 0 746 367 153 480 115 686
163 181 136 620 340 677 384 82 525 47 627 862 530 662 381 14 1 403 442 847 553 958 28 234 720 640 78 731 250 100 128 41 617 216 38 748 0 131 363 170 112 977 801 531 223 493 997 50 620 878 709 863 635 67 35 525 9 102 426 32 801 47 565 622 915 59 903 33 437 1 933 558 905 539 679 264 77 782 434 203 608 139 49 17 733 0 16 828 71 420 46 2 140 625
183 98 287 944 691 85 22 63 106 131 253 3 691 363 44 247 132 691 905 161 292 6 58 182 855 85 432 48 824 203 85 690 880 7 349 2 93 124 57 201 191 766 913 497 15 509 119 0 197 325 77 99 539 579 346 519 15 10 65 51 12 474 211 841 783 6 63 391 795 148 66 791 874 393 841 640 574 253 198 13 116 677 19 438 6 557 715 173 127 103 636 2 724 111
947 612 2 105 80 923 169 687 256 656 36 67 733 24 598 470 268 35 612 464 152 257 116 461 403 231 681 767 669 124 34 459 80 475 831 18 119 378 107 697 571 451 742 230 506 47 563 152 39 232 81 327 119 178 411 93 54 204 189 32 603 826 86 4 76 259 91 311 315 500 941 93 266 965 764 333 444 517 388 815 965 808 556 17 7 669 208 0 595 626 67 161 14 522
807 14 605 86 479 28 815 23 196 268 70 701 484 127 430 139 243 709 2 107 763 7 2 482 18 877 279 201 3 286 317 79 64 33 422 21 991 154 126 152 113 4 518 387 541 46 3 658 123 686 164 927 2 158 45 325 14 806 994 78 548 811 0 29 109 509 0 461 309 236 19 488 5 247 204 565 18 10 4 150 66 202 636 505 984 29 575 559 745 106 8 127 45 282
839 855 455 116 150 41 59 23 51 15 7 509 511 277 924 60 394 733 15 202 52 460 13 880 980 226 533 124 10 14 938 94 87 737 482 109 18 212 308 774 116 379 1 188 151 29 175 800 50 18 255 2 134 503 403 608 278 846 849 4 552 659 542 190 735 377 77 37 949 724 175 145 910 1 754 397 49 110 880 320 96 803 414 981 499 20 0 524 963 31 247 177 186 31
344 1 63 337 104 945 32 5 292 737 252 315 364 269 151 327 231 23 192 428 135 171 11 2 59 75 359 38 0 318 191 166 37 222 311 175 529 27 138 111 615 135 925 26 214 708 53 120 38 337 274 146 529 59 532 87 196 962 958 1 29 774 5 247 136 100 28 186 913 576 240 459 0 620 525 26 579 43 765 910 600 132 805 86 378 434 483 377 85 318 705 0 991 227
3 456 297 112 885 138 18 693 527 388 371 60 375 169 83 606 23 985 94 427 519 40 11 98 821 125 172 585 200 855 445 230 85 4 606 91 88 140 430 358 174 202 452 341 989 2 551 340 282 247 361 846 802 328 296 62 482 599 56 873 938 65 66 40 652 478 84 67 787 502 588 134 749 640 71 311 357 14 4 980 321 884 885 107 25 0 515 833 507 229 2 230 412 9
82 623 736 281 241 120 538 567 0 28 116 5 169 794 153 2 858 917 44 80 270 380 440 258 19 72 831 113 344 5 170 25 410 276 814 34 384 108 877 462 59 352 795 753 219 507 496 73 9 182 91 39 198 246 844 445 548 280 96 581 147 982 54 26 235 274 604 407 62 694 235 193 632 459 381 390 2 4 472 286 320 371 364 589 187 0 885 818 145 525 112 577 193 333
79 26 949 446 13 495 178 401 50 118 168 275 402 697 361 476 51 104 925 322 5 764 813 438 276 694 533 162 645 100 488 348 141 466 120 101 860 90 17 688 577 120 1 64 480 51 125 824 2 109 152 55 224 147 828 164 28 2 296 243 158 503 756 962 0 25 602 27 674 78 127 252 0 618 0 205 50 253 549 1 794 168 906 888 15 20 154 770 233 161 18 74 1 855
999 708 541 327 343 195 252 233 3 232 39 807 597 79 292 405 104 366 5 1 576 0 132 42 676 139 26 190 119 414 64 7 142 27 131 422 3 498 149 55 3 31 111 747 99 467 160 135 25 786 505 725 48 945 893 761 236 410 630 25 213 940 261 419 196 434 26 23 1 180 673 120 0 51 16 0 5 2 690 109 481 116 690 374 22 740 274 408 12 275 729 65 84 187
