130
306 567 68 67 146 636 387 676 29 338 335 184 154 39 25 5 2 108 257 1 4 672 0 562 963 0 70 726 579 972 310 603 623 19 423 96 139 658 630 38 38 79 993 592 529 631 2 994 441 254 155 102 830 734 821 563 398 394 30 473 439 973 451 604 356 386 12 17 578 280 981 401 471 894 1 248 398 598 460 851 391 0 242 389 909 556 858 954 639 7 29 270 1 21 362 99 850 418 2 20 187 446 890 316 960 125 4 367 333 934 8 271 659 5 515 30 522 232 265 839 475 255 808 482 164 427 323 48 29 383
952 691 0 79 120 120 212 19 34 13 6 325 709 4 2 710 13 139 392 519 124 612 20 689 290 844 90 489 38 91 124 142 619 257 107 13 522 571 201 390 8 162 73 58 533 279 363 526 117 298 21 544 23 112 75 813 532 444 482 285 0 394 522 95 136 224 700 22 29 826 316 0 520 882 9 459 193 970 228 3 795 569 73 8 782 450 47 55 230 393 377 454 500 196 463 985 202 472 206 1 368 723 9 517 9 820 753 138 486 113 5 6 512 746 871 830 28 605 6 199 21 861 33 123 116 80 0 560 3 0
438 914 509 0 69 584 115 875 3 91 149 48 32 16 126 340 973 364 10 79 15 123 886 168 44 98 944 265 726 431 286 83 262 783 871 36 398 732 159 210 333 174 548 3 367 239 5 25 38 650 328 6 548 29 94 782 13 63 91 73 203 81 698 147 385 967 200 874 801 112 224 16 680 309 529 862 6 4 833 929 910 39 6 489 338 479 170 74 449 6 302 310 689 378 827 170 866 864 996 121 654 1000 881 805 5 402 234 27 507 37 9 251 64 398 218 930 70 27 690 440 757 1 746 149 63 61 173 698 264 627
2 0 179 488 35 260 564 14 174 432 121 2 0 565 277 81 21 8 146 217 68 123 220 561 30 428 906 913 50 41 200 845 154 561 4 528 113 527 207 70 968 203 922 273 3 73 557 0 435 53 3 77 723 628 199 164 9 17 687 19 43 174 345 848 532 365 474 4 18 906 761 587 1 114 536 810 77 3 332 349 0 851 976 9 789 339 0 32 70 824 470 23 726 840 27 969 380 242 108 240 974 4 75 893 840 22 130 257 688 632 139 216 233 743 355 411 291 401 665 21 300 628 409 4 433 570 154 27 317 64
13 14 71 566 153 34 0 621 265 640 70 34 21 173 169 269 40 130 852 145 0 616 66 837 6 386 49 76 3 860 170 23 669 200 630 819 26 3 286 427 25 415 229 154 595 3 685 593 4 500 809 30 265 82 55 31 168 20 860 899 313 8 793 920 131 152 5 750 483 438 273 31 511 102 9 168 186 149 295 4 21 341 562 10 57 129 591 174 30 676 52 35 944 511 13 45 290 46 664 319 530 980 776 621 207 217 492 996 927 269 21 47 141 43 477 301 506 311 585 140 934 895 246 379 308 13 65 90 669 46
436 778 304 0 0 684 324 3 929 12 46 208 214 13 952 0 412 962 930 656 81 0 521 537 855 13 15 93 140 248 196 92 431 550 25 56 20 601 117 260 125 55 584 419 360 156 93 294 188 633 118 334 547 0 634 33 187 840 43 658 93 850 16 876 744 958 412 128 951 576 172 109 448 372 297 399 298 207 250 39 75 319 144 183 654 256 961 479 61 506 479 1 126 311 54 0 30 498 76 148 40 123 736 208 275 33 6 520 528 808 889 938 346 40 149 23 441 104 429 7 667 273 11 256 2 368 667 624 183 953
127 484 331 390 296 406 853 343 87 314 211 9 334 284 190 406 429 272 946 322 644 2 235 50 673 558 658 242 162 972 94 191 82 177 633 7 36 209 426 775 384 261 324 625 129 705 152 176 443 104 302 258 820 240 655 174 49 370 989 620 192 645 441 355 11 5 288 0 332 0 482 156 176 679 181 4 215 188 295 6 0 977 10 0 146 4 669 187 70 395 9 646 64 74 0 99 215 310 50 4 965 4 850 5 603 72 391 382 157 6 253 79 763 666 371 506 191 77 270 537 350 761 76 148 541 316 769 278 42 42
131 62 439 134 608 15 341 174 12 893 894 160 616 29 158 901 25 399 706 98 318 559 0 843 741 571 0 380 962 639 134 928 374 433 698 931 120 564 596 24 740 466 612 232 749 58 142 799 107 40 70 514 77 517 617 371 221 699 494 535 557 900 868 89 179 888 897 13 900 719 290 135 669 60 168 38 537 536 0 412 472 22 64 2 1 48 581 210 330 9 432 892 174 44 570 425 78 256 10 792 167 24 169 914 56 90 601 357 479 4 65 133 23 922 935 865 716 77 22 65 592 39 41 161 369 7 181 486 180 254
888 806 217 677 56 813 10 315 933 605 327 391 209 4 73 862 238 28 405 2 421 2 470 512 853 3 612 723 749 2 644 139 204 570 966 2 8 5 547 9 185 581 11 733 919 249 518 426 1 13 287 6 750 592 364 364 52 445 908 79 1 985 713 34 834 698 508 5 86 800 338 902 698 53 12 336 13 65 803 161 503 20 66 773 321 143 428 790 673 383 65 207 457 300 386 627 59 41 65 90 35 978 728 5 883 59 236 167 128 108 518 9 620 114 749 893 197 685 743 1 305 462 522 883 10 267 15 524 15 784
942 51 48 225 378 301 422 674 313 124 337 337 6 194 770 107 484 36 13 38 56 379 319 631 997 946 15 431 825 851 425 31 0 213 31 53 707 817 438 94 128 999 155 7 887 809 996 37 80 217 880 417 7 595 385 21 163 146 396 298 70 74 8 481 416 78 583 633 603 573 18 378 695 389 12 17 791 1 406 2 19 552 748 8 254 771 697 234 436 623 247 492 379 786 6 921 16 304 211 445 771 160 236 0 4 0 59 151 38 740 74 69 327 32 325 94 369 23 593 149 407 40 71 810 671 56 49 32 379 945
633 520 360 26 38 2 236 834 447 251 313 53 247 516 26 959 220 316 95 41 337 219 499 355 782 27 16 229 6 7 112 158 757 4 367 461 861 222 205 556 59 8 330 863 421 860 45 128 675 26 38 56 565 588 7 8 90 590 784 174 195 105 26 202 529 768 43 0 328 902 96 409 506 0 135 883 433 502 0 62 329 5 352 455 180 528 60 1 162 508 31 333 0 12 479 951 193 530 100 717 561 542 73 350 507 953 549 454 71 28 877 94 402 757 62 395 74 519 48 468 320 799 720 691 796 792 369 383 316 210
67 32 787 736 686 49 512 471 6 383 539 151 647 76 485 127 49 3 9 4 468 777 259 51 585 5 17 10 454 848 919 524 168 384 66 392 155 502 1 233 815 853 162 368 466 166 26 237 189 186 87 574 771 974 120 201 19 926 815 574 347 346 517 794 194 259 10 10 59 483 136 768 336 461 955 536 27 66 771 634 68 409 356 126 312 58 107 734 797 33 898 382 890 664 264 198 1 826 28 614 558 0 92 286 42 152 83 979 929 59 421 0 201 22 497 933 32 3 366 89 239 333 141 20 343 829 401 14 114 207
96 677 15 465 668 465 399 33 3 818 934 384 698 40 930 3 626 22 149 61 310 68 5 373 276 9 837 26 569 3 385 4 96 560 3 444 328 67 273 479 0 753 636 411 7 601 319 149 827 408 80 400 14 51 23 6 35 4 67 232 289 97 601 131 863 550 692 6 444 849 0 420 35 539 954 0 304 500 131 635 887 192 430 41 0 31 574 328 360 734 713 302 976 84 19 192 1 637 57 82 382 391 12 5 802 19 268 552 517 419 156 629 143 331 770 340 925 533 394 668 457 951 673 17 332 108 2 272 143 286
102 808 197 175 42 549 822 534 12 246 270 596 887 290 61 801 567 352 747 148 442 9 224 17 53 113 182 612 26 314 716 691 542 671 4 423 287 57 178 538 91 193 46 538 38 532 30 38 703 333 247 931 4 679 621 131 882 747 384 49 503 56 483 104 53 395 666 20 19 42 396 0 673 3 112 576 668 404 582 4 290 826 626 241 69 220 10 7 521 271 247 219 268 756 863 324 140 368 926 4 529 63 493 796 516 325 158 879 123 673 545 978 566 108 469 186 182 746 305 14 623 407 37 168 870 347 23 378 130 17
69 285 14 255 942 372 3 554 793 357 851 30 675 212 110 743 7 63 935 902 173 31 0 1 136 981 271 85 757 931 722 711 644 215 46 242 978 829 888 19 958 47 437 100 429 625 178 488 429 0 129 558 83 71 324 522 120 224 213 407 899 80 64 158 275 724 149 585 445 90 8 504 228 3 835 211 662 94 363 30 15 66 721 831 118 96 997 289 745 209 39 896 9 118 321 404 664 543 385 7 55 613 265 290 479 268 400 959 284 423 981 7 522 61 8 70 641 0 101 493 906 906 19 812 17 4 100 649 517 0
23 604 575 507 697 110 12 997 379 2 399 0 407 671 258 17 64 358 14 335 125 194 590 23 28 13 1 230 65 0 177 18 669 966 17 142 7 570 793 761 615 706 49 859 145 423 782 87 491 277 250 18 953 106 221 664 571 72 419 188 322 956 720 6 219 257 821 649 892 64 221 79 341 326 438 250 116 173 879 559 168 777 221 139 752 830 553 813 31 554 186 70 326 742 371 649 1 91 96 336 67 80 422 778 75 599 44 83 0 865 28 6 71 323 277 863 530 84 43 844 884 448 117 4 419 960 386 97 204 266
40 407 1 358 199 798 684 141 7 16 6 0 94 43 931 3 186 20 466 78 89 67 585 130 166 671 151 2 398 43 373 5 193 54 7 971 143 593 524 2 8 157 478 144 12 159 186 421 15 883 248 182 10 959 26 24 715 924 18 8 5 82 25 616 17 9 42 1 416 716 731 0 110 638 247 116 33 30 576 862 158 794 859 2 47 221 36 29 30 37 960 49 4 136 17 23 83 469 868 969 4 151 653 30 762 23 514 130 475 782 227 916 271 852 171 298 67 713 2 80 987 451 2 232 290 78 69 339 985 415
158 195 7 382 483 74 339 355 122 659 853 268 37 30 103 918 34 35 100 390 647 33 6 50 618 828 391 53 872 841 937 465 361 15 42 466 584 91 312 540 930 166 820 78 131 884 235 81 541 8 1 793 579 4 24 12 458 656 742 806 40 499 847 45 25 35 662 174 943 578 199 10 946 261 297 486 127 352 126 169 165 519 18 5 37 736 403 35 0 208 6 244 273 466 936 327 15 191 285 969 78 27 202 242 79 546 47 440 81 86 124 590 586 26 17 576 862 950 30 1 54 98 1 81 988 906 237 638 0 15
515 1 128 1 403 151 366 3 685 39 2 711 59 113 38 110 26 0 322 920 67 825 892 575 578 230 595 121 383 0 876 205 637 786 250 131 395 34 976 240 66 942 79 98 90 673 22 66 739 0 30 473 277 452 210 9 379 612 47 100 12 1 102 83 61 552 30 71 73 18 0 45 655 78 61 504 271 255 154 82 100 733 962 398 661 133 393 74 918 3 13 411 34 606 26 293 307 103 885 35 5 574 236 409 703 56 402 7 238 41 20 343 1 495 283 642 75 603 222 311 614 817 129 204 1 250 213 50 321 1
807 776 0 3 952 275 476 241 277 28 886 223 12 596 147 479 954 758 389 18 75 117 973 516 252 43 7 745 119 920 737 479 28 101 526 57 726 145 939 20 221 772 37 2 183 42 600 227 3 294 342 16 98 751 898 297 147 928 12 172 775 1 598 843 303 739 98 102 897 83 550 409 662 369 918 888 576 547 90 113 452 289 51 213 386 358 779 80 752 508 44 832 94 29 699 593 641 81 143 257 173 0 112 132 60 286 646 751 350 472 208 89 271 346 509 682 18 712 42 901 927 792 65 862 83 639 636 103 118 626
228 122 34 843 325 43 41 319 756 660 15 59 818 877 19 134 953 131 2 50 784 451 297 210 168 741 148 868 587 729 261 80 84 1 155 456 168 9 868 948 77 851 532 155 983 722 974 601 867 18 969 338 174 738 348 71 370 385 449 367 662 403 580 995 719 59 683 876 226 174 340 285 46 938 117 438 960 835 68 408 130 909 72 570 54 521 0 203 213 1 976 7 893 341 511 18 25 349 715 846 8 60 37 998 233 104 13 215 300 80 683 196 110 13 231 972 622 413 211 81 642 534 851 298 281 987 23 123 456 210
40 377 0 737 771 1 674 318 404 536 14 600 177 48 113 739 14 299 885 161 887 136 220 0 455 92 430 677 393 92 700 492 43 415 3 849 974 95 125 707 585 563 68 427 242 1 547 345 538 880 998 55 451 17 817 78 600 2 389 36 569 112 1 114 73 197 201 326 359 140 896 0 902 24 388 539 15 110 480 7 946 187 215 123 343 83 433 784 122 183 282 618 420 16 21 898 247 459 496 27 373 172 15 61 191 81 601 243 433 232 871 423 58 1 171 169 210 464 212 169 632 693 140 855 482 80 208 779 363 894
146 305 558 0 953 12 189 306 413 92 92 156 501 83 318 134 150 341 1 461 513 518 350 49 326 834 20 864 795 745 324 548 224 126 223 15 183 5 781 729 622 131 5 585 92 124 561 851 543 0 819 25 532 749 329 225 0 130 14 619 24 854 371 807 700 108 953 300 579 3 756 0 320 459 911 14 5 458 13 29 96 486 923 0 600 320 808 421 43 0 273 638 690 223 140 863 2 386 420 564 208 11 86 682 5 280 284 110 483 693 214 964 456 364 84 332 672 60 800 294 168 156 914 127 83 988 7 1 776 742
195 790 869 399 12 528 499 776 84 356 660 13 45 200 127 0 429 395 80 0 576 948 794 52 298 264 869 253 369 303 322 975 111 89 776 319 14 442 650 245 309 59 19 256 2 0 400 830 260 54 772 657 44 464 198 237 147 268 628 883 289 40 8 67 44 29 451 283 21 390 37 864 64 10 30 608 412 353 439 713 644 3 7 313 85 239 465 14 624 64 136 213 273 35 601 215 219 165 1 37 263 44 972 152 510 94 725 430 285 853 525 159 4 454 771 78 70 962 819 2 275 1 12 379 320 210 174 146 223 16
0 257 97 75 377 300 370 701 5 2 430 7 87 109 146 24 335 113 252 77 734 409 1 566 220 33 70 69 579 209 0 562 374 105 473 148 376 259 24 430 4 569 86 194 59 595 51 79 443 41 200 7 746 615 127 14 16 927 198 112 427 974 176 408 761 656 55 614 24 982 34 262 921 428 65 4 187 5 180 335 261 59 167 111 476 851 56 150 246 502 697 729 7 11 765 449 207 63 14 755 44 2 871 344 621 421 115 177 222 577 6 238 75 88 41 527 817 46 82 796 325 665 210 695 926 6 491 686 734 42
103 659 987 556 319 439 204 29 116 394 369 35 428 1 846 454 348 181 155 722 392 874 841 384 914 283 577 896 146 567 82 420 446 442 794 344 316 663 904 81 163 569 143 71 45 118 28 312 165 212 498 582 707 669 0 38 227 82 10 202 523 241 3 877 7 9 36 282 11 426 9 707 177 8 235 363 4 781 455 3 3 391 453 1 86 504 79 702 588 425 714 957 301 430 411 786 802 245 131 33 119 184 669 239 973 417 0 810 10 568 261 91 91 250 88 122 694 363 63 808 198 21 13 38 393 371 69 62 612 201
65 468 654 307 34 77 1 15 35 18 826 5 45 198 283 62 120 875 150 93 280 208 2 882 541 249 624 12 234 160 452 242 430 939 58 510 10 113 679 55 327 68 350 833 237 66 311 118 412 49 886 73 117 170 383 475 346 937 78 64 250 952 988 26 265 53 576 339 109 755 66 590 24 138 133 533 4 98 112 293 113 122 747 640 292 614 776 159 45 24 210 4 38 43 573 4 291 971 155 312 139 41 192 94 599 92 0 77 308 293 515 52 786 652 202 229 16 378 766 300 613 8 12 0 733 0 14 16 123 521
87 161 694 187 200 25 54 421 641 79 883 885 719 579 0 96 10 48 1 364 34 230 950 407 7 8 793 5 415 96 70 847 727 265 45 688 568 136 713 626 822 213 623 237 92 253 906 425 67 429 14 799 227 76 44 572 126 373 247 10 97 785 116 282 213 192 722 560 19 7 430 122 98 710 251 1 2 443 461 390 256 131 23 825 544 323 493 26 8 98 3 230 335 504 56 192 67 498 400 860 13 806 1 723 269 867 993 438 343 585 960 74 212 0 863 568 46 10 2 1 501 684 65 17 614 980 307 465 59 252
676 604 402 14 270 272 842 160 101 165 958 879 752 306 45 308 26 491 0 9 872 303 339 55 103 565 771 113 99 742 461 41 658 68 386 40 911 570 74 27 877 355 10 427 849 570 232 739 488 1 373 617 139 1 18 109 870 703 196 55 331 82 536 92 316 47 301 698 6 895 22 308 307 159 642 924 602 493 67 41 39 647 144 655 10 572 961 76 0 820 758 882 138 30 940 173 266 6 106 943 285 83 701 519 604 0 7 17 61 27 434 327 219 117 248 528 408 669 44 49 81 864 0 17 465 996 720 189 92 410
135 166 321 44 728 455 184 5 763 353 225 12 55 676 931 737 465 502 822 785 349 2 838 96 127 675 25 55 277 0 77 29 933 476 50 858 584 45 30 41 36 908 552 226 6 503 144 802 187 59 221 311 307 0 17 225 948 460 975 191 138 28 48 6 438 499 59 754 880 120 1 911 689 463 651 365 570 263 267 246 9 46 570 625 926 526 636 930 93 573 182 79 65 415 717 839 632 1 242 110 444 853 961 524 532 602 865 197 71 178 431 98 262 0 444 312 976 27 89 730 910 176 125 297 571 809 21 148 10 158
880 156 22 790 169 516 325 242 494 33 173 318 225 410 487 20 349 622 33 316 556 426 851 125 57 524 121 228 177 80 485 72 78 282 217 99 12 224 121 0 862 558 589 158 363 3 205 252 530 866 885 476 704 16 609 1 147 625 121 37 941 17 683 95 330 689 746 1 793 23 724 249 134 9 756 417 5 144 132 0 2 288 760 277 0 150 264 209 45 2 251 605 720 284 74 21 110 538 483 324 910 102 100 43 951 919 909 157 852 1 852 115 418 171 140 2 219 553 326 149 169 381 123 183 71 14 338 3 95 76
25 143 2 669 799 397 76 177 834 862 145 535 5 12 718 542 0 180 145 431 37 216 1 283 72 667 363 0 691 866 193 500 12 118 631 451 81 186 67 0 14 170 204 29 78 454 64 280 11 4 464 4 184 45 121 318 737 777 921 40 428 450 368 943 634 97 793 213 528 372 743 600 190 294 965 10 207 3 226 0 121 286 855 59 876 844 58 5 117 602 4 18 26 927 343 197 191 728 642 28 28 381 881 831 699 615 174 61 20 831 942 114 996 849 547 521 194 415 659 694 55 969 241 175 63 946 302 735 76 36
11 537 25 649 2 326 40 735 510 41 223 744 957 899 682 913 791 279 548 837 973 848 261 346 10 430 1 87 424 4 15 419 66 602 791 57 502 770 432 52 588 11 20 276 374 733 1 657 172 901 943 542 815 55 20 260 945 874 31 14 438 73 300 929 93 28 958 303 941 961 65 170 484 4 77 52 148 40 151 104 702 26 528 453 750 141 887 790 309 806 236 899 251 829 100 743 224 509 607 76 638 78 26 389 17 971 449 17 91 336 588 41 751 526 314 770 3 80 390 351 114 252 266 101 256 244 867 937 96 10
212 448 325 547 163 789 9 163 0 108 76 716 107 392 261 746 274 206 3 117 29 535 930 3 0 57 543 969 4 5 19 14 62 753 633 476 529 39 643 206 6 192 143 669 190 139 751 0 145 36 567 257 245 977 126 49 84 403 8 8 10 551 796 5 4 222 28 432 919 0 339 192 135 453 657 17 83 483 0 51 984 928 19 38 127 761 74 11 516 612 463 313 97 141 78 154 309 176 171 443 201 765 72 781 11 1 156 3 714 10 872 748 66 996 699 410 346 92 290 740 21 447 28 567 7 230 492 493 211 18
814 9 205 472 232 836 5 882 303 109 220 104 241 963 901 626 4 260 718 668 81 22 580 235 0 174 269 235 851 728 151 536 25 0 839 192 492 820 977 155 131 469 21 453 375 471 22 159 106 2 799 423 686 387 63 451 994 87 144 431 57 0 69 669 393 0 139 141 243 1 230 561 308 8 284 177 961 590 291 23 18 2 586 501 0 52 985 49 425 853 6 243 768 548 24 54 928 792 25 484 81 31 554 329 524 867 75 653 100 248 997 551 73 812 186 288 138 756 7 338 140 515 11 983 218 15 25 136 68 14
6 75 207 5 479 8 154 317 0 187 64 875 778 23 685 483 202 15 625 122 853 52 575 722 196 743 70 355 430 339 7 0 164 224 29 219 921 833 429 208 178 531 4 156 1 241 6 148 209 501 636 59 809 913 133 919 500 270 233 23 67 807 100 41 945 78 18 518 4 427 270 333 3 319 22 24 777 884 792 239 766 287 12 620 155 41 758 456 31 882 337 87 94 9 185 757 664 69 443 119 437 295 611 32 107 715 972 78 46 57 391 284 23 646 105 74 971 937 191 353 71 871 205 353 16 309 541 222 866 851
395 15 19 37 244 754 427 96 791 186 67 136 176 182 34 969 933 762 3 880 842 60 842 410 431 444 728 186 409 678 584 734 139 297 609 6 383 261 737 816 96 328 219 41 84 0 313 267 418 775 605 600 683 172 972 426 575 16 84 349 691 735 976 70 412 685 768 845 74 89 892 77 44 0 17 502 538 286 873 14 557 798 1 199 502 460 394 59 977 369 0 3 100 926 402 0 654 336 835 589 0 6 292 133 978 360 790 967 332 117 622 539 37 789 614 623 485 290 150 357 312 30 287 61 515 0 542 912 12 55
614 848 40 153 573 12 881 773 364 143 0 385 126 858 47 3 120 0 692 286 161 3 0 379 47 101 88 359 148 343 43 0 22 873 142 1 361 6 499 251 83 622 465 482 97 427 220 19 763 149 8 394 36 870 80 228 361 128 886 15 228 543 638 691 54 393 681 483 17 562 988 96 164 910 0 5 32 100 39 530 725 520 771 668 243 158 462 742 8 643 35 830 36 51 775 895 457 1 155 48 723 0 179 252 451 182 306 1 5 20 5 1 163 202 237 117 9 399 193 729 664 461 315 581 715 308 60 851 369 33
144 595 170 857 667 574 0 311 762 422 850 0 521 641 577 106 0 265 127 122 428 92 291 0 940 966 361 6 256 44 261 495 48 480 457 390 40 3 0 447 218 203 535 30 9 803 14 374 1 108 356 1 127 38 581 101 4 556 34 10 31 462 592 12 732 663 157 921 73 845 344 793 260 708 596 15 86 822 228 74 357 374 674 459 715 866 939 783 541 189 110 558 0 389 0 157 97 198 134 344 1 368 836 597 208 57 900 304 785 56 82 886 211 565 658 175 341 10 591 736 651 66 252 173 2 791 291 213 317 543
850 7 696 942 800 495 2 696 24 259 53 398 76 112 184 17 187 87 273 417 505 786 555 37 13 799 155 744 705 18 187 368 175 55 49 4 405 15 227 109 437 948 375 47 72 0 25 138 229 220 0 856 245 528 108 0 233 257 680 102 493 68 46 212 165 0 720 978 45 853 445 8 748 517 5 192 22 165 427 22 211 498 297 152 196 27 140 218 277 45 10 911 254 6 254 3 214 350 115 636 7 162 427 335 28 787 677 175 708 193 899 120 43 431 769 778 511 632 958 329 956 129 754 3 314 152 106 1 520 531
598 229 467 133 75 795 28 85 771 848 83 53 264 0 453 323 626 5 278 145 809 3 78 508 890 257 39 667 346 472 801 423 610 181 358 2 39 230 263 244 581 323 444 971 556 357 11 179 638 632 444 998 401 972 231 603 123 7 290 699 116 208 141 245 14 0 418 465 104 0 798 369 75 2 434 35 0 67 332 526 221 268 248 70 269 171 481 909 839 17 167 65 109 292 366 51 84 804 19 36 2 170 14 310 142 555 437 734 137 20 242 329 467 798 953 104 625 19 333 141 90 384 153 173 282 72 78 348 240 518
72 50 399 735 441 56 119 310 935 99 936 972 790 850 835 381 834 1 696 409 52 436 34 247 527 2 136 74 87 619 938 10 670 0 495 652 860 378 546 436 56 571 972 739 785 934 203 270 1 2 19 726 491 866 224 990 844 961 51 990 606 22 131 962 16 851 98 31 739 7 109 8 24 53 453 470 206 74 202 23 636 46 224 610 611 76 267 2 376 45 770 451 739 648 602 5 125 858 171 525 627 165 791 711 402 64 767 0 549 208 291 502 745 2 264 775 340 926 360 988 458 479 0 282 757 550 168 254 665 374
342 708 399 182 208 12 375 154 701 29 680 364 190 299 850 223 271 11 427 536 287 0 456 179 287 17 118 674 0 273 640 753 80 646 644 404 200 879 351 138 573 463 482 900 796 792 138 177 59 855 956 70 158 343 15 125 783 131 74 36 302 177 184 95 269 95 792 403 378 261 650 8 74 565 77 159 0 720 37 588 82 661 238 2 686 850 25 150 93 3 154 36 85 445 995 227 597 80 975 957 763 4 917 928 172 6 82 421 192 494 35 781 70 0 127 482 842 250 275 434 799 27 21 84 29 401 106 84 5 2
32 7 549 217 56 4 6 931 109 153 1 336 343 858 363 550 193 485 194 586 242 46 30 70 133 980 86 875 68 737 49 26 602 69 450 3 5 1 181 816 148 41 529 772 314 118 5 51 253 0 3 117 772 768 3 209 337 231 359 7 0 62 369 106 509 135 281 0 378 0 52 618 101 925 911 138 665 868 239 350 0 240 417 17 70 573 42 670 201 19 7 105 719 964 772 14 47 389 371 1 897 884 853 847 794 495 168 552 741 344 56 605 364 36 161 535 392 479 678 819 662 118 766 892 104 64 682 610 743 60
834 563 4 184 160 199 248 153 164 17 85 713 257 341 0 271 2 422 389 40 33 313 987 115 402 58 119 972 466 339 108 92 186 828 579 290 61 206 382 502 147 152 286 951 750 25 12 277 385 512 946 14 153 735 343 759 110 47 525 519 771 411 520 731 398 468 527 3 82 38 255 82 30 48 7 809 134 67 626 175 123 896 969 604 126 4 646 1 81 0 619 242 895 18 780 101 1 237 11 16 493 733 361 258 41 149 993 154 37 554 20 125 304 343 632 1 3 18 96 863 266 799 78 343 84 870 2 862 269 211
17 887 55 340 649 281 6 8 360 376 393 562 14 368 901 946 48 46 207 602 456 5 363 174 259 299 22 0 95 292 529 5 0 875 156 190 40 979 209 168 574 809 347 424 399 150 0 352 7 61 59 9 690 431 239 308 631 0 349 636 265 719 195 517 60 835 825 19 708 57 520 327 280 152 350 50 385 706 18 752 843 405 74 662 903 114 331 4 13 999 1 20 468 180 77 448 67 0 51 108 63 293 394 128 775 36 374 412 228 660 258 401 381 9 630 615 203 853 195 165 862 14 59 844 154 64 203 52 64 2
281 0 48 263 0 3 525 120 663 331 92 65 906 311 205 2 0 399 423 2 345 66 548 203 639 305 388 23 510 968 235 32 256 735 300 955 148 383 316 154 970 62 133 398 502 509 20 17 6 402 310 566 188 366 719 687 729 276 583 732 985 512 298 31 8 256 3 11 158 182 11 9 28 7 181 139 0 7 475 0 150 283 244 87 236 64 94 179 15 618 511 935 185 48 647 17 169 166 96 211 494 470 819 105 926 150 772 391 913 72 13 300 48 91 135 168 29 47 66 679 556 625 317 340 898 541 78 288 603 139
224 207 850 9 339 212 537 0 186 353 56 770 684 638 5 636 1 138 1 776 116 295 650 437 1 58 119 800 104 122 466 5 1 13 612 9 313 7 528 18 153 8 395 214 867 2 403 91 48 5 20 210 14 536 46 949 611 519 557 367 6 21 211 278 177 653 16 874 961 919 221 505 29 87 117 622 273 50 765 83 17 42 983 716 242 46 0 869 421 156 25 38 818 319 944 690 831 753 831 50 194 756 24 251 395 287 210 270 510 84 836 167 163 525 435 274 574 324 145 114 830 1 846 69 398 236 33 153 49 215
336 10 845 74 209 23 61 834 206 326 103 14 868 965 11 472 13 919 781 14 56 0 123 302 38 285 33 20 68 44 379 637 275 289 81 66 2 334 496 884 973 9 78 436 382 276 664 86 199 539 664 954 336 582 482 708 388 202 16 230 559 813 528 434 170 192 1 85 832 256 619 61 908 740 51 443 447 200 2 664 63 798 756 819 915 1 239 140 394 702 7 656 715 15 482 4 476 450 243 342 425 579 703 489 69 195 15 347 742 252 0 357 423 457 452 298 511 32 42 65 83 50 32 57 377 275 6 952 719 23
890 461 4 30 639 190 697 265 0 206 595 90 604 36 25 387 515 364 68 921 131 2 55 21 215 270 76 873 778 14 213 67 0 183 0 369 71 16 365 659 93 563 437 10 88 260 3 50 729 10 0 7 50 163 626 835 718 16 7 957 201 991 0 370 262 772 72 491 153 25 214 233 575 96 6 54 532 2 890 19 29 301 596 725 414 192 787 1 571 128 9 0 177 904 715 252 2 145 962 165 420 586 644 85 625 109 405 778 167 49 267 0 72 217 400 946 88 38 22 237 296 895 976 507 831 56 369 4 21 756
836 855 222 199 180 12 937 320 60 0 71 108 33 206 145 19 316 438 326 8 401 94 714 310 60 102 120 869 797 970 349 186 315 627 26 516 65 277 98 359 51 227 16 897 704 47 3 606 208 192 250 523 142 93 8 413 11 339 79 34 562 288 963 143 786 113 172 351 1 649 636 817 43 802 31 258 912 946 569 420 432 288 993 0 708 205 936 75 369 65 50 926 223 853 33 681 974 182 1 19 956 572 113 847 14 727 8 894 585 965 818 84 167 609 928 271 469 57 207 97 714 70 345 203 256 476 27 13 337 6
37 783 92 860 0 0 170 81 666 990 794 194 730 285 0 16 9 964 628 2 743 656 561 36 772 82 61 852 282 438 236 550 493 14 959 881 779 76 127 737 9 471 876 19 690 95 503 290 754 500 20 496 368 8 110 78 51 116 503 2 321 124 402 846 54 845 61 34 0 2 432 40 1 56 13 78 488 343 358 252 199 652 164 21 14 449 22 459 144 595 113 500 41 287 81 753 926 37 912 0 33 684 567 751 120 2 31 426 3 358 372 978 161 16 174 383 0 4 338 486 174 104 521 4 737 727 24 25 757 830
345 109 445 666 77 230 4 116 240 374 7 210 5 841 258 188 653 965 275 625 710 741 10 405 21 397 808 412 312 485 61 17 463 26 646 984 748 17 433 323 407 719 56 36 477 138 92 777 135 360 27 564 1 172 851 176 2 221 177 556 206 830 438 24 377 3 692 35 650 683 84 60 6 265 602 416 508 102 460 403 662 0 0 5 645 76 189 750 3 23 901 0 191 66 734 741 372 1 135 15 90 399 520 961 320 151 811 430 50 819 485 600 5 14 0 195 12 14 162 711 161 992 172 940 726 526 119 62 57 8
273 493 538 307 11 0 630 275 48 652 324 67 377 32 394 701 498 47 71 53 531 253 46 50 276 367 558 11 435 219 148 14 506 345 362 14 220 131 689 650 54 1 85 141 642 919 81 117 651 382 13 64 2 21 2 62 696 0 214 818 282 206 375 251 14 8 762 537 467 45 320 938 293 55 990 0 2 359 771 290 110 4 148 1 69 406 53 458 620 913 14 185 4 37 601 192 0 522 948 2 665 66 165 873 44 65 462 439 11 252 874 39 19 14 54 419 48 788 302 803 820 17 573 73 422 874 825 18 309 174
773 269 630 435 503 2 125 193 832 12 21 274 63 2 33 0 537 988 947 818 519 523 405 892 555 141 766 7 719 228 11 10 575 0 87 148 5 257 185 183 465 144 252 341 16 123 95 75 953 170 871 466 783 673 517 9 148 27 842 39 829 35 227 917 120 250 259 145 470 354 82 49 65 130 774 244 962 207 574 679 1 880 11 469 400 215 546 742 194 315 963 54 223 55 737 457 194 27 29 329 759 788 867 298 709 204 86 123 6 971 424 383 260 391 476 68 26 800 396 9 0 705 302 4 812 11 393 87 891 189
24 89 356 58 16 26 319 3 20 11 371 120 561 471 664 795 896 500 728 0 44 0 2 216 0 316 84 0 985 863 2 172 356 839 198 486 442 12 73 321 914 164 1 934 271 334 420 185 78 19 340 305 153 498 255 476 152 126 100 26 585 413 810 17 199 770 371 880 717 0 161 4 252 155 451 230 38 51 678 231 98 221 655 72 854 198 61 561 208 372 733 654 366 963 335 141 108 247 715 591 204 654 2 219 353 239 403 6 135 100 48 309 13 99 3 255 28 295 53 151 647 763 32 25 366 4 499 636 443 943
742 598 870 456 113 10 194 372 52 712 450 53 707 219 937 51 2 389 488 43 753 15 102 102 12 404 224 797 40 48 968 393 9 541 19 24 531 472 587 997 580 405 123 23 2 21 26 536 697 2 47 561 157 50 16 768 83 528 441 305 102 21 821 245 43 457 758 614 752 627 9 219 0 547 295 652 636 657 432 42 71 290 383 2 326 712 459 153 40 436 406 43 422 11 474 39 41 11 12 25 503 2 0 396 37 109 699 452 855 412 287 13 754 54 637 0 892 23 187 369 76 83 111 58 587 45 117 681 280 825
147 43 35 7 438 49 445 921 89 262 128 7 563 473 2 261 399 63 12 109 802 642 364 5 131 94 365 275 638 43 114 687 232 77 51 229 578 209 653 355 285 661 978 547 5 189 49 53 873 463 893 933 124 286 1 849 483 973 949 462 19 395 17 36 37 212 0 354 228 737 41 482 45 310 905 20 4 1 274 29 99 451 289 934 332 196 471 746 276 340 168 545 601 701 23 59 490 45 36 892 34 103 349 663 361 235 49 276 150 199 9 14 880 27 338 782 21 204 41 15 246 67 32 300 121 50 279 70 27 276
285 329 0 40 0 13 137 14 718 344 396 40 97 4 267 234 486 11 125 388 164 471 38 418 396 483 551 391 632 4 19 1 238 152 625 13 418 380 253 785 243 940 332 323 27 0 327 720 968 31 713 97 127 114 79 284 0 220 1 360 39 552 184 438 323 57 529 758 807 603 1 418 858 785 530 23 480 15 135 561 625 592 855 721 273 218 204 8 11 421 182 74 400 112 222 113 609 129 952 129 187 908 355 58 504 120 927 752 502 718 45 18 0 441 91 619 417 173 8 37 210 230 442 268 126 3 725 296 73 37
156 23 67 493 533 85 56 578 95 1 509 439 819 107 976 229 950 496 317 8 2 135 718 32 266 132 167 0 968 50 160 132 0 341 988 0 84 44 786 317 101 713 83 765 8 841 104 868 40 934 192 201 997 684 0 475 108 45 36 370 944 474 417 349 18 517 321 39 535 519 278 181 63 174 114 3 43 102 355 579 186 7 562 188 185 651 0 396 5 329 86 9 684 1 440 83 29 199 628 18 606 226 22 12 316 769 967 709 166 385 10 547 30 19 211 372 110 461 43 122 377 706 59 48 202 1 17 590 308 285
377 26 3 12 2 467 131 294 71 645 666 23 1 19 624 850 3 240 151 33 329 481 307 373 409 21 242 5 19 990 473 180 41 938 2 59 481 602 347 766 608 82 11 9 2 363 21 296 138 170 25 340 803 925 691 39 570 205 42 470 49 459 116 21 320 576 709 616 860 80 6 6 709 396 58 268 733 208 327 127 28 348 210 137 527 511 74 72 383 301 196 210 62 11 0 799 62 505 334 443 46 666 507 859 251 120 480 80 59 304 111 682 462 0 231 8 480 473 868 963 209 34 1 569 294 116 158 650 158 855
15 743 323 295 383 1 463 762 182 784 469 448 785 387 15 559 6 8 2 131 43 256 310 338 855 435 486 372 626 513 92 844 515 602 814 226 254 523 3 743 914 653 41 4 149 174 56 14 208 46 160 312 462 507 34 572 770 154 759 379 882 146 554 357 74 85 804 7 91 33 339 1 319 18 148 63 23 683 932 695 442 356 116 245 3 858 622 48 736 468 206 458 92 148 202 735 713 37 226 221 368 188 136 32 10 349 120 204 697 347 62 256 0 0 995 58 383 540 54 614 735 923 52 599 35 239 336 27 283 249
748 109 119 253 0 990 0 272 64 44 100 366 415 61 682 40 18 54 241 305 818 142 0 402 0 1 0 743 351 108 57 119 765 21 553 450 14 2 139 374 0 741 5 9 902 562 166 299 544 957 50 21 726 336 5 41 96 360 365 133 243 289 1 943 1 426 4 66 669 102 815 147 171 6 33 101 186 421 652 460 666 87 332 137 398 648 803 0 456 315 940 54 10 86 646 369 43 985 316 364 12 877 485 241 57 0 191 259 171 8 202 105 11 185 831 950 19 489 254 321 195 294 846 835 103 561 63 0 583 26
418 923 80 192 481 63 124 667 27 980 215 469 396 790 6 499 160 369 934 17 8 291 65 407 630 612 990 404 622 448 416 1 290 356 182 547 604 199 1 753 647 281 188 378 155 169 272 836 623 0 29 14 368 337 131 698 489 37 147 24 510 171 307 269 192 412 178 902 2 0 826 0 0 411 61 48 3 475 74 595 642 88 580 3 71 189 264 205 208 30 420 421 128 876 6 911 840 360 50 8 1 6 817 13 51 47 1 3 161 19 951 244 0 319 410 17 426 88 910 14 991 4 570 4 66 735 7 720 208 521
5 643 12 83 796 318 39 150 20 127 696 591 562 3 45 220 642 121 76 778 441 975 430 0 459 21 132 806 25 842 0 954 940 0 749 146 42 106 560 969 16 23 777 993 190 912 812 302 144 111 77 738 373 39 7 103 133 787 188 479 404 563 360 40 25 30 61 31 90 40 426 888 8 0 179 63 349 242 336 295 228 59 273 44 16 305 868 357 115 19 1 244 87 632 858 46 767 58 354 30 691 659 4 673 21 3 19 176 800 119 663 7 68 163 366 94 12 58 222 453 486 19 550 0 828 36 35 6 721 366
24 467 50 125 102 305 410 687 638 10 95 186 94 482 17 540 36 5 547 931 525 38 458 228 162 505 750 767 567 640 49 90 196 572 242 9 390 561 691 878 22 373 964 335 130 847 0 160 26 197 51 255 52 4 107 469 330 10 170 299 405 387 656 714 83 981 362 96 0 51 232 866 27 511 200 773 350 265 323 639 689 325 482 615 622 66 3 792 190 870 21 434 399 27 131 0 83 1 678 310 972 110 107 127 33 342 466 148 230 22 233 619 229 41 366 307 272 163 297 203 995 882 90 686 2 99 858 586 228 350
334 0 439 340 326 606 276 9 336 12 732 588 984 0 485 35 479 230 976 76 9 514 44 847 20 315 135 312 65 163 99 640 718 424 117 210 593 242 600 703 4 177 524 640 105 54 360 614 191 430 112 174 791 26 158 861 447 24 18 771 981 32 493 85 259 392 0 570 342 393 96 618 12 763 54 77 236 101 703 6 70 429 27 868 162 48 335 700 237 125 113 30 58 13 921 15 613 339 141 27 145 417 342 347 153 550 750 74 23 28 42 672 146 3 33 572 932 395 244 478 660 297 236 353 12 40 30 843 357 756
29 580 249 688 362 592 123 17 12 102 104 183 331 867 240 624 365 0 396 147 16 1 230 102 287 901 37 900 54 465 14 999 12 725 587 995 752 412 96 300 187 22 548 106 130 106 821 831 87 35 292 963 499 108 963 309 475 515 186 56 185 397 272 49 577 1 15 191 325 500 12 189 168 985 31 717 567 474 928 254 222 889 478 9 0 14 682 372 940 119 95 643 202 59 46 8 72 70 133 367 320 722 258 472 888 420 310 5 156 413 313 633 236 230 804 650 82 75 20 903 43 49 185 472 16 0 2 492 843 986
225 6 106 116 931 44 82 34 536 42 249 949 814 139 886 324 468 2 132 968 628 36 307 290 579 7 5 0 1 249 272 810 118 263 247 993 364 522 610 101 555 309 591 41 997 481 42 121 3 471 84 54 58 0 221 530 366 294 196 637 980 527 50 168 811 591 0 179 470 252 24 0 310 11 687 634 277 1 818 4 509 332 701 30 95 430 326 392 471 930 339 398 68 103 256 961 14 4 67 47 854 257 59 82 587 382 0 972 632 4 10 202 267 8 142 61 437 735 343 87 344 886 166 634 8 236 113 282 15 644
270 670 304 860 124 467 207 531 190 529 128 740 267 575 159 503 435 183 5 575 146 988 451 373 15 51 768 104 328 23 659 511 74 191 755 954 2 0 6 514 579 37 26 117 200 21 346 451 16 867 863 433 436 804 10 47 61 683 580 41 910 363 21 303 1 30 105 41 726 65 555 139 148 26 26 149 529 908 3 538 18 563 450 759 172 90 141 73 108 461 719 950 64 561 458 719 413 1 28 292 14 332 41 0 443 601 24 104 27 842 162 266 870 172 332 321 1 372 719 316 23 276 585 171 0 399 175 102 134 241
105 8 532 15 141 964 9 198 519 174 368 216 509 62 4 557 528 28 398 428 918 63 0 39 16 326 57 83 765 5 677 564 167 125 165 224 10 18 456 209 477 133 221 433 41 203 212 723 608 871 418 242 0 22 781 718 883 60 398 80 146 772 331 533 425 28 0 0 576 146 243 3 131 14 288 152 185 207 195 653 0 370 241 937 494 576 98 848 99 129 383 90 460 345 863 734 168 9 389 415 946 34 1 42 429 408 429 11 116 67 178 48 68 699 494 349 184 8 352 0 984 236 134 147 966 917 4 22 60 19
12 387 10 585 57 220 725 958 0 88 48 903 64 178 16 728 308 780 2 81 330 660 5 1 267 56 366 170 73 674 80 60 243 24 77 32 459 617 735 983 197 87 525 50 145 4 350 252 720 141 392 595 70 486 35 309 204 29 339 330 941 117 106 304 820 0 30 677 586 4 514 0 283 207 0 896 263 239 596 377 67 770 22 655 30 159 868 310 845 146 279 871 350 726 660 0 55 12 746 376 244 621 298 71 29 391 273 25 908 54 237 86 59 669 187 37 464 47 178 774 1 323 67 970 887 206 327 81 102 445
406 84 189 9 104 655 350 224 16 991 789 953 656 230 439 377 307 367 229 353 12 6 329 12 247 465 409 5 51 5 37 5 30 4 821 329 860 3 56 467 53 900 364 570 121 242 1 250 293 75 1 767 44 814 852 693 15 224 1 762 220 128 129 628 600 44 696 392 658 40 508 784 117 21 281 692 747 6 172 686 265 21 199 256 556 0 684 564 786 918 54 344 118 819 1 11 588 333 6 549 589 54 726 201 279 72 220 445 21 529 457 156 350 106 742 850 258 428 249 650 40 0 747 38 449 5 287 1 53 143
16 177 472 822 933 416 245 179 65 848 934 76 51 371 2 95 153 114 420 63 0 683 887 555 436 907 855 268 65 227 673 61 663 701 714 699 205 66 329 28 45 305 453 92 440 106 261 369 347 1 225 483 972 174 164 30 887 0 107 666 415 475 452 38 235 303 418 119 333 334 164 11 1 3 720 0 979 925 744 9 41 22 434 155 0 989 12 698 800 78 196 1 37 666 571 0 302 879 392 262 664 594 0 907 67 575 830 72 55 594 825 23 107 143 14 394 56 657 938 46 278 681 26 259 11 23 317 678 157 23
158 280 0 958 95 414 51 373 212 320 498 390 13 111 26 73 535 177 86 196 981 614 15 604 33 265 551 745 211 839 199 1 124 265 627 0 1 5 987 407 147 49 227 110 20 0 138 584 116 18 649 120 79 235 572 586 33 265 275 67 609 329 642 756 173 115 127 677 0 913 71 24 566 516 3 898 464 659 26 374 624 228 155 103 22 870 902 10 933 41 210 398 562 21 781 154 350 127 39 5 844 868 474 6 193 398 883 48 16 483 40 255 13 165 663 204 726 4 937 673 16 160 663 241 3 44 46 1 714 150
565 49 246 78 872 488 269 260 617 593 266 891 263 0 0 15 12 26 50 111 5 166 541 214 614 109 120 18 181 154 753 742 782 813 44 69 156 423 644 399 0 258 900 321 11 832 355 10 468 64 37 814 204 459 27 11 946 940 438 0 948 486 169 911 512 332 805 0 485 45 428 937 149 80 3 106 862 179 607 532 105 755 401 24 186 270 872 397 256 74 118 72 74 150 888 815 25 713 12 93 543 249 28 613 949 176 363 63 532 52 56 11 41 151 35 149 58 910 22 55 2 808 385 717 34 237 43 68 979 37
78 665 21 11 0 811 395 980 5 947 301 239 915 809 116 358 981 932 6 534 173 75 172 16 177 0 681 36 923 464 261 47 41 700 459 3 415 518 66 19 983 932 623 595 559 965 26 35 703 338 68 1 69 76 149 111 319 774 62 207 626 13 435 50 190 219 0 925 366 219 80 1 417 0 77 272 36 37 312 77 50 67 482 495 61 21 299 16 278 15 365 133 451 116 308 467 792 96 205 12 48 151 14 52 426 95 47 1 162 146 51 14 49 357 94 184 975 451 103 494 21 182 26 225 632 996 94 30 48 397
394 140 39 477 44 116 60 319 57 56 990 258 50 537 65 223 18 25 918 253 509 703 470 941 174 808 108 374 12 22 846 96 0 876 507 0 783 51 29 44 888 0 646 6 182 321 528 436 361 393 96 32 249 391 140 490 360 5 181 68 157 177 817 135 614 777 7 3 686 928 7 902 391 360 48 460 716 36 158 968 529 188 505 87 504 834 565 912 29 926 0 11 249 172 12 293 218 686 503 529 966 24 16 33 914 126 173 794 5 799 943 376 22 817 758 113 184 95 35 136 435 28 388 176 261 717 462 435 198 677
29 932 90 431 511 564 534 357 614 695 135 536 25 594 6 592 781 0 74 398 595 272 336 630 141 743 332 25 235 0 810 272 255 403 0 155 629 15 479 541 256 10 400 146 118 102 0 201 222 258 840 85 1 75 32 40 423 610 332 5 5 31 449 81 153 379 200 95 902 765 43 0 72 57 987 107 234 25 240 259 734 29 202 8 349 711 4 774 914 96 166 332 56 5 2 544 715 3 397 657 101 87 188 10 57 884 811 423 151 142 258 72 495 70 997 651 980 26 667 715 149 791 0 42 74 161 886 938 236 171
1 246 983 735 657 57 163 113 761 176 395 449 726 126 191 173 981 45 707 730 856 53 570 303 54 263 81 113 804 266 122 10 54 0 12 1 17 770 477 990 699 198 3 351 126 42 431 608 104 82 281 37 940 750 614 923 243 391 149 737 552 514 695 837 176 8 172 37 105 899 0 26 12 363 2 326 294 279 104 95 93 874 247 15 176 154 642 861 934 840 852 3 532 114 24 158 561 374 210 122 786 23 0 47 311 5 117 98 63 235 227 3 319 3 999 0 277 829 287 271 82 0 576 51 536 164 51 488 56 917
262 80 782 1 941 151 767 37 25 36 0 75 9 217 54 114 405 582 690 24 980 276 306 6 177 212 375 107 21 756 72 674 437 0 114 641 121 0 1 6 6 345 49 829 473 185 907 372 874 620 702 338 16 71 34 4 738 60 217 73 55 464 357 284 212 74 308 649 9 128 696 60 303 5 203 711 9 477 606 414 19 477 629 25 243 277 49 3 985 111 484 22 17 55 415 254 474 392 596 169 42 723 17 344 178 647 1 333 901 202 19 84 736 14 668 545 772 20 94 467 5 892 674 732 299 103 156 38 181 355
910 651 666 97 64 9 164 444 507 850 42 214 6 427 69 150 657 609 124 0 467 420 153 189 640 396 274 56 893 401 4 424 357 20 17 673 447 676 1 232 242 35 142 157 139 363 10 35 0 330 84 905 88 408 218 980 673 816 23 43 250 976 155 284 5 397 1 837 148 597 491 511 12 392 17 319 23 395 96 13 905 225 586 176 177 644 916 581 119 954 555 494 70 959 284 357 236 4 76 606 30 529 897 192 298 15 79 87 0 9 54 314 19 68 138 589 195 111 491 335 12 7 0 211 635 803 896 414 91 47
56 648 857 423 162 89 8 283 57 113 700 320 5 47 203 18 132 162 474 135 103 927 14 58 230 347 745 72 24 32 63 319 140 52 84 954 157 692 261 602 1 897 604 819 825 471 536 866 614 364 606 479 476 884 730 165 83 858 213 8 65 265 2 437 513 37 40 101 488 176 775 377 991 90 4 992 580 81 176 604 183 0 304 100 445 750 877 514 640 63 451 315 584 753 21 235 41 29 0 29 14 939 832 703 200 332 543 359 618 688 233 690 719 546 65 252 367 49 11 82 485 770 421 135 425 141 55 19 84 88
49 823 195 156 686 304 54 360 71 695 667 921 138 819 0 70 46 32 521 30 239 969 641 0 89 110 876 34 36 154 495 565 196 79 366 215 993 316 291 399 42 620 450 505 233 83 406 408 51 994 616 25 1 364 833 989 984 903 611 28 226 25 376 36 825 568 62 283 5 46 776 861 254 545 621 514 397 290 242 460 3 629 788 412 410 433 424 54 94 141 903 547 192 332 954 64 606 0 66 666 50 177 226 598 247 671 702 118 8 927 2 463 6 49 295 522 313 787 40 384 639 70 272 112 940 689 7 198 901 81
870 910 454 822 171 817 455 249 341 1 513 260 140 26 612 357 49 152 560 13 43 8 728 513 363 430 12 9 128 954 18 13 716 14 388 171 541 4 877 743 616 123 44 18 483 487 257 634 327 360 3 214 88 410 59 301 654 420 49 278 40 201 805 0 371 655 726 226 754 781 81 467 37 274 226 20 391 673 431 417 63 21 743 716 0 247 261 479 740 355 203 281 24 54 17 976 111 466 0 570 288 15 835 425 610 158 48 567 280 218 871 8 568 521 442 735 393 876 12 0 911 723 75 788 49 50 0 493 895 131
74 0 0 79 355 78 476 89 503 31 44 82 54 182 393 93 168 0 58 926 5 715 696 22 558 742 0 741 543 188 7 78 688 387 573 18 632 116 853 911 0 46 499 267 172 112 51 354 645 669 980 841 197 622 906 210 533 14 651 232 690 8 100 319 12 693 930 44 699 906 248 103 131 143 283 23 837 265 353 483 332 815 916 367 581 832 767 528 632 0 92 96 34 0 870 402 2 29 31 6 63 825 181 681 48 521 906 269 640 191 604 331 386 29 46 540 204 172 375 53 205 11 78 672 364 5 186 49 366 362
158 694 0 915 268 503 605 75 600 2 811 207 11 627 611 34 222 427 37 499 132 445 900 823 120 976 490 539 503 143 938 141 701 1 908 342 20 9 283 139 412 892 692 754 387 5 13 412 46 997 746 265 650 18 75 23 33 198 58 13 16 645 917 64 981 12 909 6 621 447 549 15 492 50 35 753 75 111 240 819 289 474 62 272 408 111 10 503 49 477 91 286 756 119 90 159 0 456 17 143 27 575 46 11 877 0 56 328 878 710 513 47 7 772 167 480 0 194 925 418 73 30 599 418 448 30 5 482 653 727
214 102 791 311 723 952 111 405 562 347 103 51 727 17 253 143 752 406 912 31 775 28 12 254 1 226 246 365 761 562 562 0 14 73 413 0 98 154 828 133 358 786 416 456 222 68 53 151 102 657 681 51 14 2 306 451 65 604 308 8 56 320 142 78 0 364 828 305 10 84 486 384 268 505 387 445 662 248 7 837 12 488 698 63 130 75 3 693 861 74 946 632 500 45 566 179 766 9 937 441 355 143 25 421 794 537 3 980 42 296 24 488 376 37 883 367 653 625 732 53 601 945 409 526 350 728 227 651 244 405
512 361 0 177 411 25 93 890 228 279 70 2 748 590 455 60 823 365 599 11 597 56 280 181 298 79 15 326 292 442 27 439 86 113 48 309 12 880 232 598 420 0 344 406 367 410 637 48 10 219 640 532 623 859 244 786 791 18 15 500 63 227 97 756 936 526 29 795 583 769 122 718 192 429 0 159 183 86 800 279 1 106 290 913 77 968 659 0 255 96 840 275 50 0 89 642 48 757 27 842 103 928 804 433 11 67 97 104 152 10 303 112 73 0 168 603 86 5 695 145 44 9 279 49 246 1 876 283 4 31
295 384 10 465 96 349 642 334 165 385 10 73 14 574 653 348 0 937 136 0 834 433 413 978 68 730 475 1 662 973 0 220 4 341 60 114 32 244 527 801 36 80 963 5 539 316 82 69 9 867 243 193 19 655 27 470 4 78 0 437 362 992 23 659 585 250 948 349 204 3 289 907 190 80 258 185 0 382 116 117 13 160 794 136 399 667 113 48 202 435 430 102 288 658 676 188 0 146 14 330 165 545 731 153 19 1 906 213 866 317 2 946 165 213 163 64 158 721 240 283 4 635 989 394 530 835 79 879 1 219
4 333 547 795 945 101 500 602 812 351 822 731 137 296 631 87 675 119 119 255 160 266 435 91 135 402 39 210 687 0 24 696 1 580 166 32 1 267 61 25 67 725 78 288 533 521 973 489 429 58 971 844 106 116 28 4 75 42 834 376 723 11 126 116 0 143 48 98 6 464 706 760 151 98 41 425 550 960 219 190 748 423 219 454 472 539 481 925 1 80 524 250 713 233 518 143 218 293 99 154 292 316 0 735 126 80 275 0 286 897 654 152 1 256 950 237 379 899 9 592 19 87 2 37 952 13 59 980 25 328
803 5 44 167 465 529 391 20 93 22 133 278 306 478 283 463 424 456 3 352 117 153 15 31 790 126 759 938 57 398 188 566 826 6 202 672 894 0 0 307 379 127 42 79 38 372 4 846 117 73 246 118 65 255 551 33 685 801 45 331 176 799 10 43 717 0 240 579 761 300 41 125 97 791 70 747 10 997 854 322 17 679 65 288 503 171 606 9 565 942 398 39 63 513 41 118 456 221 679 37 775 98 114 218 657 518 177 9 788 471 580 318 259 442 134 926 285 156 187 69 736 124 344 98 988 554 612 438 59 885
564 128 724 0 44 9 789 602 724 88 94 0 589 367 305 39 2 116 75 728 363 417 528 83 825 36 93 260 25 829 636 559 216 36 404 472 679 922 99 888 3 498 49 667 89 2 335 102 668 275 476 6 583 680 517 581 959 11 984 484 723 186 137 133 71 94 735 196 31 439 688 62 1 135 452 990 898 370 0 383 517 324 83 0 49 422 447 946 792 220 10 839 29 95 63 535 532 964 1 556 191 999 195 433 272 18 33 526 3 679 228 19 488 269 493 924 72 501 968 256 791 87 229 22 545 381 990 643 813 519
28 889 349 569 231 975 71 78 578 473 63 349 113 184 293 659 376 753 514 969 802 176 751 56 0 116 703 101 65 905 316 675 68 100 49 991 916 461 106 21 559 995 841 87 474 442 21 221 28 709 553 31 102 600 567 644 864 635 0 814 16 216 487 272 972 761 59 133 408 137 14 840 634 761 113 155 802 27 0 172 320 372 0 7 663 2 804 363 331 80 459 259 45 44 354 620 117 237 24 764 75 25 11 97 106 574 371 261 737 703 295 16 190 29 64 261 75 907 861 35 190 657 15 68 19 207 749 918 4 6
24 396 468 857 230 732 785 521 0 11 27 960 0 56 136 103 987 311 105 491 10 335 0 71 810 291 453 3 91 636 785 297 3 262 161 40 8 96 933 26 141 19 134 469 713 28 352 43 370 5 114 112 824 785 33 622 992 68 36 920 110 239 854 837 473 938 21 651 895 899 417 1 77 803 473 2 16 82 853 482 17 520 292 945 946 67 286 128 42 158 970 100 835 208 443 159 243 121 1 166 818 123 711 191 174 112 132 182 584 2 0 526 514 80 314 489 7 915 863 0 79 36 41 476 37 52 143 945 28 481
329 471 67 67 939 25 450 286 360 339 148 236 24 133 968 178 677 247 156 946 512 1 29 321 46 18 959 208 58 3 339 13 207 461 358 121 553 516 640 568 203 5 1 958 699 176 205 208 0 141 474 370 316 614 216 184 265 63 0 10 2 279 4 74 7 571 12 138 580 237 495 271 183 8 923 0 26 43 462 372 188 100 323 473 793 174 252 112 15 14 345 654 11 56 388 97 287 257 567 273 3 163 158 390 793 778 218 271 458 0 924 58 840 220 26 906 3 11 573 911 704 0 868 95 39 44 516 152 666 106
84 127 817 127 793 38 154 444 119 92 248 267 97 0 12 820 36 935 0 299 200 60 75 187 595 841 252 5 1 663 427 25 150 680 325 0 186 487 43 835 315 294 445 1 185 400 81 56 444 37 279 54 251 353 71 16 329 534 483 523 27 24 4 455 11 82 383 724 22 12 78 81 7 281 987 383 690 0 864 237 499 838 732 485 525 13 610 884 76 813 214 12 0 32 440 183 815 770 199 594 776 54 692 204 251 466 271 986 182 490 967 366 790 88 98 16 7 547 0 336 531 581 611 90 895 647 183 913 883 0
293 356 3 834 790 220 613 14 983 2 418 72 56 234 0 76 608 524 221 633 82 568 16 184 72 530 282 43 92 340 10 537 652 568 912 360 253 1 496 641 708 448 104 623 218 691 110 405 288 523 30 940 6 131 10 395 615 488 559 855 536 503 710 821 681 730 393 40 210 165 14 334 813 943 620 56 128 308 0 516 110 636 76 92 538 562 38 386 0 566 100 160 781 26 51 95 50 139 150 899 354 106 637 478 273 387 128 167 87 400 932 464 25 441 87 212 3 623 677 17 490 496 218 235 58 164 1 265 95 439
654 204 107 92 642 835 514 11 308 4 834 405 131 303 161 376 997 42 410 56 829 127 570 674 511 166 21 348 66 472 11 45 56 815 17 450 86 126 383 727 906 936 783 112 55 197 1 389 575 236 358 925 14 15 518 603 567 941 227 943 124 680 207 269 173 231 991 816 76 29 380 1 13 251 490 39 245 929 697 300 505 369 26 796 975 951 464 326 207 429 183 128 28 19 37 788 475 780 380 609 96 18 504 701 158 760 785 551 375 40 557 415 559 646 85 732 0 68 52 11 549 389 783 842 294 727 780 474 163 191
503 324 127 953 87 588 134 24 70 715 6 184 815 626 258 64 466 346 271 279 846 87 728 790 869 962 854 396 710 81 585 142 473 778 376 0 812 567 579 711 224 78 3 204 1 677 17 307 16 191 943 109 772 477 60 495 426 147 184 253 4 709 151 28 959 66 63 991 463 445 186 899 664 639 672 930 997 535 1 729 354 303 53 95 59 689 248 324 437 326 731 196 50 372 616 447 5 263 318 326 404 111 0 38 395 443 762 30 916 357 58 112 1 36 4 962 476 291 743 32 49 27 334 308 822 276 2 12 973 85
731 503 508 697 376 766 5 946 702 630 17 645 249 18 54 763 940 37 130 448 137 18 103 442 575 402 8 77 952 218 115 23 92 185 144 0 542 411 638 667 742 311 16 327 11 6 288 9 3 486 664 504 683 13 86 909 681 369 773 582 937 441 269 12 49 105 809 334 125 277 9 281 487 619 574 411 0 6 96 509 156 93 505 10 121 122 891 184 146 110 808 543 36 11 36 534 15 615 269 162 85 25 100 171 387 127 147 198 66 725 62 151 819 789 11 3 890 32 736 299 12 135 318 445 45 36 282 224 867 435
2 516 4 150 40 202 888 372 349 225 294 673 164 86 227 37 391 118 1 31 491 53 1 100 408 0 313 523 262 93 177 640 52 38 85 61 338 105 938 131 347 140 111 800 12 300 55 7 12 709 467 2 356 277 468 12 3 367 221 297 17 57 631 900 13 584 81 0 544 624 271 172 76 615 390 97 350 95 225 164 390 716 289 35 17 348 51 731 319 203 937 822 125 250 926 397 52 588 412 239 905 0 762 708 161 234 158 54 487 280 582 714 495 69 62 50 9 381 20 194 269 481 4 742 975 115 19 358 31 7
419 0 51 439 165 144 506 523 488 44 960 118 10 158 885 80 294 248 64 23 0 49 161 165 844 631 11 519 70 356 985 317 916 458 76 837 52 762 598 787 814 124 339 165 194 15 515 103 352 76 55 669 176 989 194 309 269 347 11 0 604 492 748 614 475 761 76 315 7 144 236 164 524 798 54 284 698 121 334 23 6 6 745 822 2 844 214 74 73 566 2 819 256 9 984 34 142 19 17 648 609 1 848 858 851 11 153 920 0 375 340 989 160 697 75 28 330 35 144 479 431 146 715 80 313 928 639 398 633 372
215 355 126 752 582 172 886 13 3 12 849 94 31 604 14 165 556 101 495 743 142 634 568 552 320 555 23 748 204 751 55 470 0 71 113 322 224 286 218 4 728 489 108 690 396 473 919 555 199 749 892 410 7 592 280 195 255 23 217 597 492 4 797 565 472 547 47 611 122 26 666 594 468 6 24 32 341 208 307 252 0 363 11 351 504 107 13 11 895 58 4 266 269 62 45 27 404 310 898 6 63 124 676 2 735 106 17 170 60 163 523 6 60 197 15 874 936 259 400 0 697 0 537 373 719 279 86 160 675 476
31 125 121 0 18 70 199 348 12 101 22 95 996 1 66 184 127 247 987 954 16 21 365 502 0 215 655 635 573 260 795 707 158 752 558 828 789 43 334 866 10 475 53 238 240 121 3 702 98 726 126 289 666 206 8 14 30 52 273 460 4 854 154 673 943 757 993 196 388 803 119 47 120 192 279 41 759 212 297 20 196 427 583 359 767 68 958 851 228 951 552 9 508 499 41 92 881 797 610 757 51 35 987 690 656 114 14 7 357 5 594 392 809 7 956 568 208 104 7 76 429 447 344 10 333 574 757 417 846 39
238 81 564 0 57 143 322 3 37 10 452 29 457 66 610 188 446 197 5 431 476 849 485 2 466 30 108 429 325 40 732 548 879 17 966 929 166 174 181 257 51 58 471 262 102 588 2 11 462 14 240 824 770 25 137 406 21 239 86 852 269 710 555 0 79 702 666 100 279 0 5 249 514 56 326 27 44 97 104 224 9 79 947 155 59 20 267 287 105 371 9 255 417 550 10 671 290 43 779 107 253 298 909 884 99 184 457 848 15 6 12 661 290 326 121 7 831 454 245 0 46 3 336 944 2 879 211 807 42 890
194 236 91 963 7 332 930 320 109 1 101 424 336 20 17 5 606 56 180 489 8 11 334 117 10 319 548 322 1 230 40 55 757 611 191 719 974 422 503 38 510 3 649 107 242 518 362 111 770 347 834 526 303 930 164 66 0 20 486 16 487 174 300 187 238 86 278 362 46 494 110 416 0 620 0 269 789 115 370 0 566 408 883 0 20 706 108 629 674 634 370 869 72 178 437 16 158 141 18 259 982 653 97 490 751 93 261 421 505 256 15 527 0 113 0 396 545 117 86 8 189 596 296 991 319 79 132 407 52 324
155 801 1 311 461 408 1 224 37 138 907 833 232 163 148 327 388 97 285 167 297 125 906 63 123 340 607 11 654 29 729 0 550 864 281 158 192 0 32 572 419 40 21 0 97 209 408 3 119 933 405 2 921 5 62 88 326 11 331 364 67 103 940 212 163 33 298 0 699 760 1 499 472 745 440 88 243 318 262 6 770 196 42 16 841 900 648 527 6 56 792 5 19 165 86 5 124 0 58 0 20 126 175 401 68 303 874 108 112 392 102 996 409 248 107 575 394 723 80 9 727 552 920 703 256 795 18 222 324 423
983 634 65 236 781 362 309 536 78 796 169 180 843 22 23 88 104 650 32 67 974 982 4 163 65 818 216 26 332 7 16 27 662 690 832 397 48 913 938 947 9 162 715 513 147 666 222 17 3 917 912 786 83 610 183 177 330 912 30 89 401 573 18 220 187 234 470 60 20 37 0 11 775 1 429 10 139 459 241 168 515 3 673 116 5 428 764 594 752 64 346 203 13 23 809 811 66 110 430 710 130 383 163 280 221 18 460 613 793 286 1 1 919 0 60 35 865 529 361 883 266 74 31 1 17 498 378 790 0 323
939 77 511 378 0 680 80 453 343 125 625 25 495 167 318 933 6 498 1 21 798 26 618 24 193 501 526 552 297 95 90 0 2 250 487 337 6 289 465 435 332 5 1 12 56 146 100 632 94 337 0 419 426 166 47 356 127 288 775 512 479 74 765 5 673 244 309 523 949 344 42 861 0 501 767 716 162 90 2 849 213 125 391 409 240 219 101 180 912 806 12 85 826 343 752 635 304 2 100 0 2 560 23 0 812 80 109 87 158 9 87 783 607 978 208 243 573 790 239 568 23 62 276 222 5 124 145 629 30 555
195 33 554 804 291 987 215 64 60 317 596 659 221 229 164 40 738 730 947 59 8 526 287 231 470 62 304 607 431 0 26 110 451 5 704 1 193 41 197 304 495 5 623 4 953 82 758 605 351 16 428 797 0 570 776 697 3 663 582 665 237 17 968 356 707 0 708 339 9 331 336 256 19 738 31 871 874 33 848 25 253 15 828 768 129 109 207 1 89 875 478 148 229 278 102 715 567 11 796 605 538 300 18 90 263 0 124 4 943 665 985 102 283 597 734 571 503 472 323 128 912 2 234 157 309 632 79 780 70 4
56 24 471 243 263 77 749 109 734 527 18 0 296 522 661 197 576 303 769 434 195 8 985 786 357 233 6 105 464 366 1 82 903 29 18 60 164 33 248 2 527 143 565 122 639 951 182 359 58 801 896 696 217 194 67 525 822 33 661 46 2 499 1 601 5 182 384 399 578 244 138 576 388 18 45 695 275 139 10 11 676 665 278 916 47 83 204 851 401 169 1 84 961 251 685 15 45 0 252 198 62 231 11 1 891 3 723 806 560 2 906 344 320 467 611 830 334 495 16 205 5 21 127 732 321 91 83 82 565 104
402 132 542 92 400 684 331 259 176 2 819 2 265 727 21 926 563 4 905 355 317 65 479 18 253 90 672 2 750 5 946 144 73 984 94 928 501 604 112 98 421 351 937 1 926 70 230 685 370 357 7 338 884 371 334 992 18 4 2 347 41 8 307 128 486 72 160 90 863 297 735 71 915 470 433 0 85 873 159 754 347 21 283 86 637 114 21 125 638 9 566 0 492 809 464 574 21 976 89 606 563 399 893 177 256 563 176 351 10 306 22 31 157 999 279 32 138 5 30 843 419 78 130 47 47 380 15 723 23 599
290 799 510 784 78 518 121 434 20 17 62 180 1 38 533 766 434 908 77 556 632 71 556 49 0 299 198 7 242 28 292 58 865 232 212 2 881 90 186 388 76 114 489 785 34 157 411 261 691 33 139 109 33 826 0 1 374 87 229 412 11 479 185 949 4 919 322 156 105 658 873 952 103 350 227 26 1 215 12 238 335 136 557 416 157 154 123 635 177 530 768 93 247 8 76 851 471 121 140 434 49 52 544 459 29 628 328 884 7 296 111 70 536 62 382 56 963 155 49 532 15 121 180 627 614 207 121 293 717 1
111 721 779 88 309 898 310 957 315 141 357 717 25 866 18 4 70 100 345 87 188 174 206 3 760 1 26 183 113 252 12 879 995 834 190 61 76 370 212 810 200 234 2 416 3 498 705 276 459 517 331 496 400 81 2 68 323 905 9 115 626 329 474 751 19 87 887 5 908 276 251 681 43 713 47 589 791 434 439 8 0 596 102 142 705 23 69 396 375 514 180 187 551 7 80 270 622 36 253 492 255 32 13 54 29 325 113 10 172 65 148 839 4 907 903 959 186 41 731 340 849 122 69 766 1 689 522 841 863 72
51 846 805 315 623 710 402 43 37 306 8 3 26 9 157 620 105 161 643 202 819 831 25 125 960 53 646 0 226 496 76 580 182 10 467 341 476 95 214 62 13 409 383 193 805 630 734 78 5 47 494 85 836 2 600 9 717 23 772 798 931 37 32 341 792 139 728 287 470 561 0 795 750 499 99 490 473 190 593 560 901 116 2 98 10 179 3 279 509 164 61 380 304 40 4 784 0 220 167 293 215 447 462 312 3 381 44 10 71 936 359 0 858 8 33 16 272 984 173 38 0 756 6 720 244 273 171 126 188 240
499 889 51 219 292 24 3 2 167 207 135 529 44 1 424 374 83 159 928 371 71 327 314 307 672 20 8 512 339 269 183 848 820 363 31 636 958 51 380 237 22 30 999 75 355 152 52 602 619 0 447 20 397 55 245 0 416 185 208 318 24 0 14 17 308 9 420 7 37 25 710 74 648 383 680 15 60 68 353 386 317 19 418 1 0 636 34 572 978 430 682 440 17 0 50 614 847 784 16 0 44 244 56 451 662 494 407 684 963 20 58 40 35 4 254 13 6 529 469 4 318 606 615 26 413 371 8 834 666 752
967 219 135 740 359 81 75 67 944 1 471 300 797 320 341 523 2 0 572 270 354 287 602 1 1 375 8 85 233 105 3 633 142 13 48 483 215 945 2 100 21 5 31 197 535 374 19 939 122 436 391 693 3 291 93 922 172 24 65 39 719 249 161 0 311 961 10 746 279 252 774 110 273 458 247 12 392 308 215 91 6 347 30 936 0 110 12 4 586 997 929 5 264 990 531 609 401 0 281 9 215 975 4 138 478 800 37 526 128 12 891 573 9 879 248 34 27 51 420 14 707 1 481 728 147 451 611 371 953 926
398 809 470 56 546 940 160 243 42 413 947 83 619 498 71 298 92 216 31 941 6 732 212 275 17 633 46 270 104 9 513 602 10 32 9 101 602 301 774 416 261 287 870 594 450 332 21 624 632 522 59 359 584 672 699 70 471 209 280 8 631 14 130 764 376 325 362 904 104 52 860 199 511 621 632 15 775 364 163 61 663 313 776 281 15 98 903 0 550 46 760 34 330 17 419 229 171 42 101 432 939 0 250 557 48 83 123 587 82 129 399 154 848 4 50 5 356 815 694 67 89 819 604 212 66 138 520 194 859 34
631 794 736 45 34 49 20 633 472 182 670 38 552 0 0 9 612 0 444 0 9 1 15 159 525 4 109 987 376 894 25 3 264 12 545 13 137 156 674 746 342 496 8 580 92 399 82 702 182 284 419 111 785 528 462 0 814 381 39 448 150 950 750 5 18 27 431 40 89 474 873 433 200 47 327 494 699 99 13 690 16 221 87 543 359 1 837 156 102 923 655 948 219 669 1 58 6 677 123 34 237 437 0 996 4 28 649 236 85 114 52 12 338 514 936 17 25 241 760 8 636 151 732 225 916 205 566 138 89 667
938 44 870 608 295 299 50 175 166 861 864 0 183 775 651 8 101 470 751 382 121 1 574 875 10 721 716 277 0 610 654 7 903 2 642 52 888 69 296 270 777 14 361 880 84 399 356 539 749 796 950 14 29 601 677 654 7 43 219 42 505 923 626 38 21 885 996 496 48 941 0 765 344 216 0 480 2 19 40 220 87 254 239 956 458 638 383 395 907 481 3 1 171 84 169 150 34 352 17 417 671 714 799 250 190 413 192 660 2 172 14 388 891 434 788 7 7 70 921 756 56 257 996 34 124 171 682 1 27 31
767 712 349 86 132 161 202 0 116 392 946 262 37 8 212 98 16 60 108 928 44 863 682 21 437 623 717 1 371 165 729 179 54 50 555 57 95 284 617 811 76 177 946 497 271 4 808 270 1 0 497 385 378 341 4 595 279 424 459 789 0 41 45 109 220 968 891 753 421 848 532 404 194 981 270 36 438 3 88 316 706 57 626 156 34 58 1 49 514 246 777 410 163 148 514 197 661 597 500 597 337 886 275 8 331 643 115 476 92 668 12 789 419 182 243 583 38 83 739 102 316 104 603 829 95 342 38 625 684 224
956 396 0 954 496 780 110 978 718 420 587 591 581 7 155 3 62 263 26 113 546 330 743 615 629 249 279 978 142 855 981 61 7 208 133 4 346 90 0 874 0 54 141 0 0 37 917 0 904 143 331 74 2 301 169 946 1 24 882 144 690 413 883 68 116 177 7 315 362 180 142 700 539 913 108 63 596 476 91 585 27 43 521 753 37 104 938 987 588 80 385 209 125 8 314 6 82 32 854 793 36 741 105 173 35 282 3 198 674 337 2 344 987 494 60 940 313 51 586 688 351 2 759 71 533 41 2 11 152 174
709 0 70 510 11 789 428 0 372 400 666 121 176 85 648 160 150 910 1 9 130 390 370 272 980 682 297 716 526 6 101 768 7 86 30 615 890 113 241 489 942 868 406 370 156 224 33 592 116 21 348 899 653 640 864 917 293 421 299 86 0 487 1 343 425 320 313 87 319 870 629 399 36 478 813 711 645 22 960 96 32 785 139 56 800 827 910 4 115 232 149 96 464 709 2 536 0 817 14 974 560 6 601 75 394 538 39 293 2 0 19 24 57 21 66 199 794 9 439 538 31 52 162 530 83 150 1 183 10 5
679 650 298 582 197 953 207 533 12 172 680 3 590 901 467 36 582 577 565 905 528 464 973 523 147 884 546 223 114 271 230 693 319 936 534 107 687 572 306 3 517 320 742 10 738 14 52 131 359 241 505 536 764 703 11 56 440 30 683 930 237 4 420 592 172 453 177 164 110 242 767 383 339 14 377 464 805 324 65 143 0 19 21 90 27 181 389 207 192 411 711 175 242 128 635 128 409 921 219 303 354 587 620 0 664 456 33 717 584 500 7 17 941 47 13 1 3 188 65 478 254 69 9 143 41 0 578 91 912 266
40 484 126 904 180 5 237 115 467 234 816 412 411 370 63 102 69 353 816 785 806 958 33 0 48 485 630 570 656 903 332 846 971 7 387 731 690 396 673 56 7 322 186 942 286 510 91 961 349 438 118 651 197 45 670 788 4 371 669 1 539 894 151 26 0 181 384 702 176 45 57 62 88 7 40 604 81 101 17 948 544 477 60 250 115 69 162 896 207 154 772 34 8 158 120 168 77 65 941 7 134 757 611 809 80 104 306 8 403 187 1 566 109 103 713 138 703 866 134 0 1 346 39 993 301 249 365 230 257 1
829 376 72 73 96 114 665 468 278 819 81 0 529 231 0 254 223 1 464 229 727 142 152 240 4 485 413 77 609 43 617 408 302 7 3 197 19 91 583 53 25 239 236 45 479 56 244 104 18 465 717 306 14 478 890 704 870 104 639 175 26 48 5 76 258 284 887 388 839 5 7 46 941 871 645 976 667 650 351 947 667 627 14 543 18 48 417 24 343 133 45 0 889 355 831 212 10 425 647 136 84 85 31 132 916 113 702 659 240 815 870 539 230 846 611 251 154 4 442 233 425 74 1 34 856 87 219 39 361 787
477 789 572 0 126 169 101 23 7 571 636 606 200 0 761 529 540 0 68 843 259 11 529 163 102 20 211 669 20 88 981 528 354 561 421 468 672 303 184 156 479 808 206 620 924 0 31 901 673 447 284 315 96 265 689 781 481 0 275 518 311 155 8 535 60 533 987 146 8 906 838 390 172 796 2 332 5 887 37 33 179 793 0 453 78 164 552 754 0 382 1 463 7 914 399 610 656 464 657 0 493 236 239 981 396 951 178 225 2 600 297 120 2 18 51 155 276 231 122 344 82 3 241 19 37 502 4 246 974 7
2 791 516 944 39 242 159 12 449 5 162 453 110 584 193 87 363 8 267 99 3 43 7 172 70 32 5 674 965 9 123 124 513 15 405 489 213 970 350 303 91 718 391 847 6 318 875 287 145 86 444 959 30 419 907 6 989 177 114 151 643 93 259 469 641 801 55 117 751 429 33 266 547 672 524 0 637 935 253 335 951 0 243 450 148 176 396 95 249 168 805 28 383 373 155 201 449 334 886 391 39 318 267 26 57 58 429 94 239 9 533 653 151 0 250 658 322 926 48 610 99 588 475 127 927 666 799 0 969 223
16 26 550 422 355 895 539 37 533 94 942 303 584 532 233 103 199 326 42 21 498 543 778 320 37 919 73 617 97 23 428 517 1 922 133 436 306 9 847 89 923 71 434 685 54 2 26 393 6 11 333 789 58 891 633 375 195 75 840 30 210 743 481 999 635 871 258 543 519 398 103 215 53 47 386 235 392 171 202 314 700 485 0 47 828 449 907 75 341 0 999 64 0 113 0 941 87 658 814 708 46 635 127 86 22 987 678 19 5 95 285 275 370 13 48 162 10 0 408 377 0 31 263 0 399 120 511 143 722 560
